4096 3000 2 2 32 32 128 96 6144
0 32 95 
2 33 95 
4 34 95 
6 35 95 
8 36 95 
10 37 95 
12 38 95 
14 39 95 
16 40 95 
18 41 95 
20 42 95 
22 43 95 
24 44 95 
26 45 95 
28 46 95 
30 47 95 
64 32 94 
66 33 94 
68 34 94 
70 35 94 
72 36 94 
74 37 94 
76 38 94 
78 39 94 
80 40 94 
82 41 94 
84 42 94 
86 43 94 
88 44 94 
90 45 94 
92 46 94 
94 47 94 
128 32 93 
130 33 93 
132 34 93 
134 35 93 
136 36 93 
138 37 93 
140 38 93 
142 39 93 
144 40 93 
146 41 93 
148 42 93 
150 43 93 
152 44 93 
154 45 93 
156 46 93 
158 47 93 
192 32 92 
194 33 92 
196 34 92 
198 35 92 
200 36 92 
202 37 92 
204 38 92 
206 39 92 
208 40 92 
210 41 92 
212 42 92 
214 43 92 
216 44 92 
218 45 92 
220 46 92 
222 47 92 
256 32 91 
258 33 91 
260 34 91 
262 35 91 
264 36 91 
266 37 91 
268 38 91 
270 39 91 
272 40 91 
274 41 91 
276 42 91 
278 43 91 
280 44 91 
282 45 91 
284 46 91 
286 47 91 
320 32 90 
322 33 90 
324 34 90 
326 35 90 
328 36 90 
330 37 90 
332 38 90 
334 39 90 
336 40 90 
338 41 90 
340 42 90 
342 43 90 
344 44 90 
346 45 90 
348 46 90 
350 47 90 
384 32 89 
386 33 89 
388 34 89 
390 35 89 
392 36 89 
394 37 89 
396 38 89 
398 39 89 
400 40 89 
402 41 89 
404 42 89 
406 43 89 
408 44 89 
410 45 89 
412 46 89 
414 47 89 
448 32 88 
450 33 88 
452 34 88 
454 35 88 
456 36 88 
458 37 88 
460 38 88 
462 39 88 
464 40 88 
466 41 88 
468 42 88 
470 43 88 
472 44 88 
474 45 88 
476 46 88 
478 47 88 
512 32 87 
514 33 87 
516 34 87 
518 35 87 
520 36 87 
522 37 87 
524 38 87 
526 39 87 
528 40 87 
530 41 87 
532 42 87 
534 43 87 
536 44 87 
538 45 87 
540 46 87 
542 47 87 
576 32 86 
578 33 86 
580 34 86 
582 35 86 
584 36 86 
586 37 86 
588 38 86 
590 39 86 
592 40 86 
594 41 86 
596 42 86 
598 43 86 
600 44 86 
602 45 86 
604 46 86 
606 47 86 
640 32 85 
642 33 85 
644 34 85 
646 35 85 
648 36 85 
650 37 85 
652 38 85 
654 39 85 
656 40 85 
658 41 85 
660 42 85 
662 43 85 
664 44 85 
666 45 85 
668 46 85 
670 47 85 
704 32 84 
706 33 84 
708 34 84 
710 35 84 
712 36 84 
714 37 84 
716 38 84 
718 39 84 
720 40 84 
722 41 84 
724 42 84 
726 43 84 
728 44 84 
730 45 84 
732 46 84 
734 47 84 
768 32 83 
770 33 83 
772 34 83 
774 35 83 
776 36 83 
778 37 83 
780 38 83 
782 39 83 
784 40 83 
786 41 83 
788 42 83 
790 43 83 
792 44 83 
794 45 83 
796 46 83 
798 47 83 
832 32 82 
834 33 82 
836 34 82 
838 35 82 
840 36 82 
842 37 82 
844 38 82 
846 39 82 
848 40 82 
850 41 82 
852 42 82 
854 43 82 
856 44 82 
858 45 82 
860 46 82 
862 47 82 
896 32 81 
898 33 81 
900 34 81 
902 35 81 
904 36 81 
906 37 81 
908 38 81 
910 39 81 
912 40 81 
914 41 81 
916 42 81 
918 43 81 
920 44 81 
922 45 81 
924 46 81 
926 47 81 
960 32 80 
962 33 80 
964 34 80 
966 35 80 
968 36 80 
970 37 80 
972 38 80 
974 39 80 
976 40 80 
978 41 80 
980 42 80 
982 43 80 
984 44 80 
986 45 80 
988 46 80 
990 47 80 
1024 32 79 
1026 33 79 
1028 34 79 
1030 35 79 
1032 36 79 
1034 37 79 
1036 38 79 
1038 39 79 
1040 40 79 
1042 41 79 
1044 42 79 
1046 43 79 
1048 44 79 
1050 45 79 
1052 46 79 
1054 47 79 
1088 32 78 
1090 33 78 
1092 34 78 
1094 35 78 
1096 36 78 
1098 37 78 
1100 38 78 
1102 39 78 
1104 40 78 
1106 41 78 
1108 42 78 
1110 43 78 
1112 44 78 
1114 45 78 
1116 46 78 
1118 47 78 
1152 32 77 
1154 33 77 
1156 34 77 
1158 35 77 
1160 36 77 
1162 37 77 
1164 38 77 
1166 39 77 
1168 40 77 
1170 41 77 
1172 42 77 
1174 43 77 
1176 44 77 
1178 45 77 
1180 46 77 
1182 47 77 
1216 32 76 
1218 33 76 
1220 34 76 
1222 35 76 
1224 36 76 
1226 37 76 
1228 38 76 
1230 39 76 
1232 40 76 
1234 41 76 
1236 42 76 
1238 43 76 
1240 44 76 
1242 45 76 
1244 46 76 
1246 47 76 
1280 32 75 
1282 33 75 
1284 34 75 
1286 35 75 
1288 36 75 
1290 37 75 
1292 38 75 
1294 39 75 
1296 40 75 
1298 41 75 
1300 42 75 
1302 43 75 
1304 44 75 
1306 45 75 
1308 46 75 
1310 47 75 
1344 32 74 
1346 33 74 
1348 34 74 
1350 35 74 
1352 36 74 
1354 37 74 
1356 38 74 
1358 39 74 
1360 40 74 
1362 41 74 
1364 42 74 
1366 43 74 
1368 44 74 
1370 45 74 
1372 46 74 
1374 47 74 
1408 32 73 
1410 33 73 
1412 34 73 
1414 35 73 
1416 36 73 
1418 37 73 
1420 38 73 
1422 39 73 
1424 40 73 
1426 41 73 
1428 42 73 
1430 43 73 
1432 44 73 
1434 45 73 
1436 46 73 
1438 47 73 
1472 32 72 
1474 33 72 
1476 34 72 
1478 35 72 
1480 36 72 
1482 37 72 
1484 38 72 
1486 39 72 
1488 40 72 
1490 41 72 
1492 42 72 
1494 43 72 
1496 44 72 
1498 45 72 
1500 46 72 
1502 47 72 
1536 32 71 
1538 33 71 
1540 34 71 
1542 35 71 
1544 36 71 
1546 37 71 
1548 38 71 
1550 39 71 
1552 40 71 
1554 41 71 
1556 42 71 
1558 43 71 
1560 44 71 
1562 45 71 
1564 46 71 
1566 47 71 
1600 32 70 
1602 33 70 
1604 34 70 
1606 35 70 
1608 36 70 
1610 37 70 
1612 38 70 
1614 39 70 
1616 40 70 
1618 41 70 
1620 42 70 
1622 43 70 
1624 44 70 
1626 45 70 
1628 46 70 
1630 47 70 
1664 32 69 
1666 33 69 
1668 34 69 
1670 35 69 
1672 36 69 
1674 37 69 
1676 38 69 
1678 39 69 
1680 40 69 
1682 41 69 
1684 42 69 
1686 43 69 
1688 44 69 
1690 45 69 
1692 46 69 
1694 47 69 
1728 32 68 
1730 33 68 
1732 34 68 
1734 35 68 
1736 36 68 
1738 37 68 
1740 38 68 
1742 39 68 
1744 40 68 
1746 41 68 
1748 42 68 
1750 43 68 
1752 44 68 
1754 45 68 
1756 46 68 
1758 47 68 
1792 32 67 
1794 33 67 
1796 34 67 
1798 35 67 
1800 36 67 
1802 37 67 
1804 38 67 
1806 39 67 
1808 40 67 
1810 41 67 
1812 42 67 
1814 43 67 
1816 44 67 
1818 45 67 
1820 46 67 
1822 47 67 
1856 32 66 
1858 33 66 
1860 34 66 
1862 35 66 
1864 36 66 
1866 37 66 
1868 38 66 
1870 39 66 
1872 40 66 
1874 41 66 
1876 42 66 
1878 43 66 
1880 44 66 
1882 45 66 
1884 46 66 
1886 47 66 
1920 32 65 
1922 33 65 
1924 34 65 
1926 35 65 
1928 36 65 
1930 37 65 
1932 38 65 
1934 39 65 
1936 40 65 
1938 41 65 
1940 42 65 
1942 43 65 
1944 44 65 
1946 45 65 
1948 46 65 
1950 47 65 
1984 32 64 
1986 33 64 
1988 34 64 
1990 35 64 
1992 36 64 
1994 37 64 
1996 38 64 
1998 39 64 
2000 40 64 
2002 41 64 
2004 42 64 
2006 43 64 
2008 44 64 
2010 45 64 
2012 46 64 
2014 47 64 
2048 48 71 
2050 49 71 
2052 50 71 
2054 51 71 
2056 52 71 
2058 53 71 
2060 54 71 
2062 55 71 
2064 56 71 
2066 57 71 
2068 58 71 
2070 59 71 
2072 60 71 
2074 61 71 
2076 62 71 
2078 63 71 
2112 48 70 
2114 49 70 
2116 50 70 
2118 51 70 
2120 52 70 
2122 53 70 
2124 54 70 
2126 55 70 
2128 56 70 
2130 57 70 
2132 58 70 
2134 59 70 
2136 60 70 
2138 61 70 
2140 62 70 
2142 63 70 
2176 48 69 
2178 49 69 
2180 50 69 
2182 51 69 
2184 52 69 
2186 53 69 
2188 54 69 
2190 55 69 
2192 56 69 
2194 57 69 
2196 58 69 
2198 59 69 
2200 60 69 
2202 61 69 
2204 62 69 
2206 63 69 
2240 48 68 
2242 49 68 
2244 50 68 
2246 51 68 
2248 52 68 
2250 53 68 
2252 54 68 
2254 55 68 
2256 56 68 
2258 57 68 
2260 58 68 
2262 59 68 
2264 60 68 
2266 61 68 
2268 62 68 
2270 63 68 
2304 48 67 
2306 49 67 
2308 50 67 
2310 51 67 
2312 52 67 
2314 53 67 
2316 54 67 
2318 55 67 
2320 56 67 
2322 57 67 
2324 58 67 
2326 59 67 
2328 60 67 
2330 61 67 
2332 62 67 
2334 63 67 
2368 48 66 
2370 49 66 
2372 50 66 
2374 51 66 
2376 52 66 
2378 53 66 
2380 54 66 
2382 55 66 
2384 56 66 
2386 57 66 
2388 58 66 
2390 59 66 
2392 60 66 
2394 61 66 
2396 62 66 
2398 63 66 
2432 48 65 
2434 49 65 
2436 50 65 
2438 51 65 
2440 52 65 
2442 53 65 
2444 54 65 
2446 55 65 
2448 56 65 
2450 57 65 
2452 58 65 
2454 59 65 
2456 60 65 
2458 61 65 
2460 62 65 
2462 63 65 
2496 48 64 
2498 49 64 
2500 50 64 
2502 51 64 
2504 52 64 
2506 53 64 
2508 54 64 
2510 55 64 
2512 56 64 
2514 57 64 
2516 58 64 
2518 59 64 
2520 60 64 
2522 61 64 
2524 62 64 
2526 63 64 
2560 48 79 
2562 49 79 
2564 50 79 
2566 51 79 
2568 52 79 
2570 53 79 
2572 54 79 
2574 55 79 
2576 56 79 
2578 57 79 
2580 58 79 
2582 59 79 
2584 60 79 
2586 61 79 
2588 62 79 
2590 63 79 
2624 48 78 
2626 49 78 
2628 50 78 
2630 51 78 
2632 52 78 
2634 53 78 
2636 54 78 
2638 55 78 
2640 56 78 
2642 57 78 
2644 58 78 
2646 59 78 
2648 60 78 
2650 61 78 
2652 62 78 
2654 63 78 
2688 48 77 
2690 49 77 
2692 50 77 
2694 51 77 
2696 52 77 
2698 53 77 
2700 54 77 
2702 55 77 
2704 56 77 
2706 57 77 
2708 58 77 
2710 59 77 
2712 60 77 
2714 61 77 
2716 62 77 
2718 63 77 
2752 48 76 
2754 49 76 
2756 50 76 
2758 51 76 
2760 52 76 
2762 53 76 
2764 54 76 
2766 55 76 
2768 56 76 
2770 57 76 
2772 58 76 
2774 59 76 
2776 60 76 
2778 61 76 
2780 62 76 
2782 63 76 
2816 48 75 
2818 49 75 
2820 50 75 
2822 51 75 
2824 52 75 
2826 53 75 
2828 54 75 
2830 55 75 
2832 56 75 
2834 57 75 
2836 58 75 
2838 59 75 
2840 60 75 
2842 61 75 
2844 62 75 
2846 63 75 
2880 48 74 
2882 49 74 
2884 50 74 
2886 51 74 
2888 52 74 
2890 53 74 
2892 54 74 
2894 55 74 
2896 56 74 
2898 57 74 
2900 58 74 
2902 59 74 
2904 60 74 
2906 61 74 
2908 62 74 
2910 63 74 
2944 48 73 
2946 49 73 
2948 50 73 
2950 51 73 
2952 52 73 
2954 53 73 
2956 54 73 
2958 55 73 
2960 56 73 
2962 57 73 
2964 58 73 
2966 59 73 
2968 60 73 
2970 61 73 
2972 62 73 
2974 63 73 
3008 48 72 
3010 49 72 
3012 50 72 
3014 51 72 
3016 52 72 
3018 53 72 
3020 54 72 
3022 55 72 
3024 56 72 
3026 57 72 
3028 58 72 
3030 59 72 
3032 60 72 
3034 61 72 
3036 62 72 
3038 63 72 
3072 48 87 
3074 49 87 
3076 50 87 
3078 51 87 
3080 52 87 
3082 53 87 
3084 54 87 
3086 55 87 
3088 56 87 
3090 57 87 
3092 58 87 
3094 59 87 
3096 60 87 
3098 61 87 
3100 62 87 
3102 63 87 
3136 48 86 
3138 49 86 
3140 50 86 
3142 51 86 
3144 52 86 
3146 53 86 
3148 54 86 
3150 55 86 
3152 56 86 
3154 57 86 
3156 58 86 
3158 59 86 
3160 60 86 
3162 61 86 
3164 62 86 
3166 63 86 
3200 48 85 
3202 49 85 
3204 50 85 
3206 51 85 
3208 52 85 
3210 53 85 
3212 54 85 
3214 55 85 
3216 56 85 
3218 57 85 
3220 58 85 
3222 59 85 
3224 60 85 
3226 61 85 
3228 62 85 
3230 63 85 
3264 48 84 
3266 49 84 
3268 50 84 
3270 51 84 
3272 52 84 
3274 53 84 
3276 54 84 
3278 55 84 
3280 56 84 
3282 57 84 
3284 58 84 
3286 59 84 
3288 60 84 
3290 61 84 
3292 62 84 
3294 63 84 
3328 48 83 
3330 49 83 
3332 50 83 
3334 51 83 
3336 52 83 
3338 53 83 
3340 54 83 
3342 55 83 
3344 56 83 
3346 57 83 
3348 58 83 
3350 59 83 
3352 60 83 
3354 61 83 
3356 62 83 
3358 63 83 
3392 48 82 
3394 49 82 
3396 50 82 
3398 51 82 
3400 52 82 
3402 53 82 
3404 54 82 
3406 55 82 
3408 56 82 
3410 57 82 
3412 58 82 
3414 59 82 
3416 60 82 
3418 61 82 
3420 62 82 
3422 63 82 
3456 48 81 
3458 49 81 
3460 50 81 
3462 51 81 
3464 52 81 
3466 53 81 
3468 54 81 
3470 55 81 
3472 56 81 
3474 57 81 
3476 58 81 
3478 59 81 
3480 60 81 
3482 61 81 
3484 62 81 
3486 63 81 
3520 48 80 
3522 49 80 
3524 50 80 
3526 51 80 
3528 52 80 
3530 53 80 
3532 54 80 
3534 55 80 
3536 56 80 
3538 57 80 
3540 58 80 
3542 59 80 
3544 60 80 
3546 61 80 
3548 62 80 
3550 63 80 
3584 48 95 
3586 49 95 
3588 50 95 
3590 51 95 
3592 52 95 
3594 53 95 
3596 54 95 
3598 55 95 
3600 56 95 
3602 57 95 
3604 58 95 
3606 59 95 
3608 60 95 
3610 61 95 
3612 62 95 
3614 63 95 
3648 48 94 
3650 49 94 
3652 50 94 
3654 51 94 
3656 52 94 
3658 53 94 
3660 54 94 
3662 55 94 
3664 56 94 
3666 57 94 
3668 58 94 
3670 59 94 
3672 60 94 
3674 61 94 
3676 62 94 
3678 63 94 
3712 48 93 
3714 49 93 
3716 50 93 
3718 51 93 
3720 52 93 
3722 53 93 
3724 54 93 
3726 55 93 
3728 56 93 
3730 57 93 
3732 58 93 
3734 59 93 
3736 60 93 
3738 61 93 
3740 62 93 
3742 63 93 
3776 48 92 
3778 49 92 
3780 50 92 
3782 51 92 
3784 52 92 
3786 53 92 
3788 54 92 
3790 55 92 
3792 56 92 
3794 57 92 
3796 58 92 
3798 59 92 
3800 60 92 
3802 61 92 
3804 62 92 
3806 63 92 
3840 48 91 
3842 49 91 
3844 50 91 
3846 51 91 
3848 52 91 
3850 53 91 
3852 54 91 
3854 55 91 
3856 56 91 
3858 57 91 
3860 58 91 
3862 59 91 
3864 60 91 
3866 61 91 
3868 62 91 
3870 63 91 
3904 48 90 
3906 49 90 
3908 50 90 
3910 51 90 
3912 52 90 
3914 53 90 
3916 54 90 
3918 55 90 
3920 56 90 
3922 57 90 
3924 58 90 
3926 59 90 
3928 60 90 
3930 61 90 
3932 62 90 
3934 63 90 
3968 48 89 
3970 49 89 
3972 50 89 
3974 51 89 
3976 52 89 
3978 53 89 
3980 54 89 
3982 55 89 
3984 56 89 
3986 57 89 
3988 58 89 
3990 59 89 
3992 60 89 
3994 61 89 
3996 62 89 
3998 63 89 
4032 48 88 
4034 49 88 
4036 50 88 
4038 51 88 
4040 52 88 
4042 53 88 
4044 54 88 
4046 55 88 
4048 56 88 
4050 57 88 
4052 58 88 
4054 59 88 
4056 60 88 
4058 61 88 
4060 62 88 
4062 63 88 
4096 0 32 
4098 0 33 
4100 0 34 
4102 0 35 
4104 0 36 
4106 0 37 
4108 0 38 
4110 0 39 
4112 0 40 
4114 0 41 
4116 0 42 
4118 0 43 
4120 0 44 
4122 0 45 
4124 0 46 
4126 0 47 
4160 1 32 
4162 1 33 
4164 1 34 
4166 1 35 
4168 1 36 
4170 1 37 
4172 1 38 
4174 1 39 
4176 1 40 
4178 1 41 
4180 1 42 
4182 1 43 
4184 1 44 
4186 1 45 
4188 1 46 
4190 1 47 
4224 2 32 
4226 2 33 
4228 2 34 
4230 2 35 
4232 2 36 
4234 2 37 
4236 2 38 
4238 2 39 
4240 2 40 
4242 2 41 
4244 2 42 
4246 2 43 
4248 2 44 
4250 2 45 
4252 2 46 
4254 2 47 
4288 3 32 
4290 3 33 
4292 3 34 
4294 3 35 
4296 3 36 
4298 3 37 
4300 3 38 
4302 3 39 
4304 3 40 
4306 3 41 
4308 3 42 
4310 3 43 
4312 3 44 
4314 3 45 
4316 3 46 
4318 3 47 
4352 4 32 
4354 4 33 
4356 4 34 
4358 4 35 
4360 4 36 
4362 4 37 
4364 4 38 
4366 4 39 
4368 4 40 
4370 4 41 
4372 4 42 
4374 4 43 
4376 4 44 
4378 4 45 
4380 4 46 
4382 4 47 
4416 5 32 
4418 5 33 
4420 5 34 
4422 5 35 
4424 5 36 
4426 5 37 
4428 5 38 
4430 5 39 
4432 5 40 
4434 5 41 
4436 5 42 
4438 5 43 
4440 5 44 
4442 5 45 
4444 5 46 
4446 5 47 
4480 6 32 
4482 6 33 
4484 6 34 
4486 6 35 
4488 6 36 
4490 6 37 
4492 6 38 
4494 6 39 
4496 6 40 
4498 6 41 
4500 6 42 
4502 6 43 
4504 6 44 
4506 6 45 
4508 6 46 
4510 6 47 
4544 7 32 
4546 7 33 
4548 7 34 
4550 7 35 
4552 7 36 
4554 7 37 
4556 7 38 
4558 7 39 
4560 7 40 
4562 7 41 
4564 7 42 
4566 7 43 
4568 7 44 
4570 7 45 
4572 7 46 
4574 7 47 
4608 8 32 
4610 8 33 
4612 8 34 
4614 8 35 
4616 8 36 
4618 8 37 
4620 8 38 
4622 8 39 
4624 8 40 
4626 8 41 
4628 8 42 
4630 8 43 
4632 8 44 
4634 8 45 
4636 8 46 
4638 8 47 
4672 9 32 
4674 9 33 
4676 9 34 
4678 9 35 
4680 9 36 
4682 9 37 
4684 9 38 
4686 9 39 
4688 9 40 
4690 9 41 
4692 9 42 
4694 9 43 
4696 9 44 
4698 9 45 
4700 9 46 
4702 9 47 
4736 10 32 
4738 10 33 
4740 10 34 
4742 10 35 
4744 10 36 
4746 10 37 
4748 10 38 
4750 10 39 
4752 10 40 
4754 10 41 
4756 10 42 
4758 10 43 
4760 10 44 
4762 10 45 
4764 10 46 
4766 10 47 
4800 11 32 
4802 11 33 
4804 11 34 
4806 11 35 
4808 11 36 
4810 11 37 
4812 11 38 
4814 11 39 
4816 11 40 
4818 11 41 
4820 11 42 
4822 11 43 
4824 11 44 
4826 11 45 
4828 11 46 
4830 11 47 
4864 12 32 
4866 12 33 
4868 12 34 
4870 12 35 
4872 12 36 
4874 12 37 
4876 12 38 
4878 12 39 
4880 12 40 
4882 12 41 
4884 12 42 
4886 12 43 
4888 12 44 
4890 12 45 
4892 12 46 
4894 12 47 
4928 13 32 
4930 13 33 
4932 13 34 
4934 13 35 
4936 13 36 
4938 13 37 
4940 13 38 
4942 13 39 
4944 13 40 
4946 13 41 
4948 13 42 
4950 13 43 
4952 13 44 
4954 13 45 
4956 13 46 
4958 13 47 
4992 14 32 
4994 14 33 
4996 14 34 
4998 14 35 
5000 14 36 
5002 14 37 
5004 14 38 
5006 14 39 
5008 14 40 
5010 14 41 
5012 14 42 
5014 14 43 
5016 14 44 
5018 14 45 
5020 14 46 
5022 14 47 
5056 15 32 
5058 15 33 
5060 15 34 
5062 15 35 
5064 15 36 
5066 15 37 
5068 15 38 
5070 15 39 
5072 15 40 
5074 15 41 
5076 15 42 
5078 15 43 
5080 15 44 
5082 15 45 
5084 15 46 
5086 15 47 
5120 16 32 
5122 16 33 
5124 16 34 
5126 16 35 
5128 16 36 
5130 16 37 
5132 16 38 
5134 16 39 
5136 16 40 
5138 16 41 
5140 16 42 
5142 16 43 
5144 16 44 
5146 16 45 
5148 16 46 
5150 16 47 
5184 17 32 
5186 17 33 
5188 17 34 
5190 17 35 
5192 17 36 
5194 17 37 
5196 17 38 
5198 17 39 
5200 17 40 
5202 17 41 
5204 17 42 
5206 17 43 
5208 17 44 
5210 17 45 
5212 17 46 
5214 17 47 
5248 18 32 
5250 18 33 
5252 18 34 
5254 18 35 
5256 18 36 
5258 18 37 
5260 18 38 
5262 18 39 
5264 18 40 
5266 18 41 
5268 18 42 
5270 18 43 
5272 18 44 
5274 18 45 
5276 18 46 
5278 18 47 
5312 19 32 
5314 19 33 
5316 19 34 
5318 19 35 
5320 19 36 
5322 19 37 
5324 19 38 
5326 19 39 
5328 19 40 
5330 19 41 
5332 19 42 
5334 19 43 
5336 19 44 
5338 19 45 
5340 19 46 
5342 19 47 
5376 20 32 
5378 20 33 
5380 20 34 
5382 20 35 
5384 20 36 
5386 20 37 
5388 20 38 
5390 20 39 
5392 20 40 
5394 20 41 
5396 20 42 
5398 20 43 
5400 20 44 
5402 20 45 
5404 20 46 
5406 20 47 
5440 21 32 
5442 21 33 
5444 21 34 
5446 21 35 
5448 21 36 
5450 21 37 
5452 21 38 
5454 21 39 
5456 21 40 
5458 21 41 
5460 21 42 
5462 21 43 
5464 21 44 
5466 21 45 
5468 21 46 
5470 21 47 
5504 22 32 
5506 22 33 
5508 22 34 
5510 22 35 
5512 22 36 
5514 22 37 
5516 22 38 
5518 22 39 
5520 22 40 
5522 22 41 
5524 22 42 
5526 22 43 
5528 22 44 
5530 22 45 
5532 22 46 
5534 22 47 
5568 23 32 
5570 23 33 
5572 23 34 
5574 23 35 
5576 23 36 
5578 23 37 
5580 23 38 
5582 23 39 
5584 23 40 
5586 23 41 
5588 23 42 
5590 23 43 
5592 23 44 
5594 23 45 
5596 23 46 
5598 23 47 
5632 24 32 
5634 24 33 
5636 24 34 
5638 24 35 
5640 24 36 
5642 24 37 
5644 24 38 
5646 24 39 
5648 24 40 
5650 24 41 
5652 24 42 
5654 24 43 
5656 24 44 
5658 24 45 
5660 24 46 
5662 24 47 
5696 25 32 
5698 25 33 
5700 25 34 
5702 25 35 
5704 25 36 
5706 25 37 
5708 25 38 
5710 25 39 
5712 25 40 
5714 25 41 
5716 25 42 
5718 25 43 
5720 25 44 
5722 25 45 
5724 25 46 
5726 25 47 
5760 26 32 
5762 26 33 
5764 26 34 
5766 26 35 
5768 26 36 
5770 26 37 
5772 26 38 
5774 26 39 
5776 26 40 
5778 26 41 
5780 26 42 
5782 26 43 
5784 26 44 
5786 26 45 
5788 26 46 
5790 26 47 
5824 27 32 
5826 27 33 
5828 27 34 
5830 27 35 
5832 27 36 
5834 27 37 
5836 27 38 
5838 27 39 
5840 27 40 
5842 27 41 
5844 27 42 
5846 27 43 
5848 27 44 
5850 27 45 
5852 27 46 
5854 27 47 
5888 28 32 
5890 28 33 
5892 28 34 
5894 28 35 
5896 28 36 
5898 28 37 
5900 28 38 
5902 28 39 
5904 28 40 
5906 28 41 
5908 28 42 
5910 28 43 
5912 28 44 
5914 28 45 
5916 28 46 
5918 28 47 
5952 29 32 
5954 29 33 
5956 29 34 
5958 29 35 
5960 29 36 
5962 29 37 
5964 29 38 
5966 29 39 
5968 29 40 
5970 29 41 
5972 29 42 
5974 29 43 
5976 29 44 
5978 29 45 
5980 29 46 
5982 29 47 
6016 30 32 
6018 30 33 
6020 30 34 
6022 30 35 
6024 30 36 
6026 30 37 
6028 30 38 
6030 30 39 
6032 30 40 
6034 30 41 
6036 30 42 
6038 30 43 
6040 30 44 
6042 30 45 
6044 30 46 
6046 30 47 
6080 31 32 
6082 31 33 
6084 31 34 
6086 31 35 
6088 31 36 
6090 31 37 
6092 31 38 
6094 31 39 
6096 31 40 
6098 31 41 
6100 31 42 
6102 31 43 
6104 31 44 
6106 31 45 
6108 31 46 
6110 31 47 
6144 24 48 
6146 24 49 
6148 24 50 
6150 24 51 
6152 24 52 
6154 24 53 
6156 24 54 
6158 24 55 
6160 24 56 
6162 24 57 
6164 24 58 
6166 24 59 
6168 24 60 
6170 24 61 
6172 24 62 
6174 24 63 
6208 25 48 
6210 25 49 
6212 25 50 
6214 25 51 
6216 25 52 
6218 25 53 
6220 25 54 
6222 25 55 
6224 25 56 
6226 25 57 
6228 25 58 
6230 25 59 
6232 25 60 
6234 25 61 
6236 25 62 
6238 25 63 
6272 26 48 
6274 26 49 
6276 26 50 
6278 26 51 
6280 26 52 
6282 26 53 
6284 26 54 
6286 26 55 
6288 26 56 
6290 26 57 
6292 26 58 
6294 26 59 
6296 26 60 
6298 26 61 
6300 26 62 
6302 26 63 
6336 27 48 
6338 27 49 
6340 27 50 
6342 27 51 
6344 27 52 
6346 27 53 
6348 27 54 
6350 27 55 
6352 27 56 
6354 27 57 
6356 27 58 
6358 27 59 
6360 27 60 
6362 27 61 
6364 27 62 
6366 27 63 
6400 28 48 
6402 28 49 
6404 28 50 
6406 28 51 
6408 28 52 
6410 28 53 
6412 28 54 
6414 28 55 
6416 28 56 
6418 28 57 
6420 28 58 
6422 28 59 
6424 28 60 
6426 28 61 
6428 28 62 
6430 28 63 
6464 29 48 
6466 29 49 
6468 29 50 
6470 29 51 
6472 29 52 
6474 29 53 
6476 29 54 
6478 29 55 
6480 29 56 
6482 29 57 
6484 29 58 
6486 29 59 
6488 29 60 
6490 29 61 
6492 29 62 
6494 29 63 
6528 30 48 
6530 30 49 
6532 30 50 
6534 30 51 
6536 30 52 
6538 30 53 
6540 30 54 
6542 30 55 
6544 30 56 
6546 30 57 
6548 30 58 
6550 30 59 
6552 30 60 
6554 30 61 
6556 30 62 
6558 30 63 
6592 31 48 
6594 31 49 
6596 31 50 
6598 31 51 
6600 31 52 
6602 31 53 
6604 31 54 
6606 31 55 
6608 31 56 
6610 31 57 
6612 31 58 
6614 31 59 
6616 31 60 
6618 31 61 
6620 31 62 
6622 31 63 
6656 16 48 
6658 16 49 
6660 16 50 
6662 16 51 
6664 16 52 
6666 16 53 
6668 16 54 
6670 16 55 
6672 16 56 
6674 16 57 
6676 16 58 
6678 16 59 
6680 16 60 
6682 16 61 
6684 16 62 
6686 16 63 
6720 17 48 
6722 17 49 
6724 17 50 
6726 17 51 
6728 17 52 
6730 17 53 
6732 17 54 
6734 17 55 
6736 17 56 
6738 17 57 
6740 17 58 
6742 17 59 
6744 17 60 
6746 17 61 
6748 17 62 
6750 17 63 
6784 18 48 
6786 18 49 
6788 18 50 
6790 18 51 
6792 18 52 
6794 18 53 
6796 18 54 
6798 18 55 
6800 18 56 
6802 18 57 
6804 18 58 
6806 18 59 
6808 18 60 
6810 18 61 
6812 18 62 
6814 18 63 
6848 19 48 
6850 19 49 
6852 19 50 
6854 19 51 
6856 19 52 
6858 19 53 
6860 19 54 
6862 19 55 
6864 19 56 
6866 19 57 
6868 19 58 
6870 19 59 
6872 19 60 
6874 19 61 
6876 19 62 
6878 19 63 
6912 20 48 
6914 20 49 
6916 20 50 
6918 20 51 
6920 20 52 
6922 20 53 
6924 20 54 
6926 20 55 
6928 20 56 
6930 20 57 
6932 20 58 
6934 20 59 
6936 20 60 
6938 20 61 
6940 20 62 
6942 20 63 
6976 21 48 
6978 21 49 
6980 21 50 
6982 21 51 
6984 21 52 
6986 21 53 
6988 21 54 
6990 21 55 
6992 21 56 
6994 21 57 
6996 21 58 
6998 21 59 
7000 21 60 
7002 21 61 
7004 21 62 
7006 21 63 
7040 22 48 
7042 22 49 
7044 22 50 
7046 22 51 
7048 22 52 
7050 22 53 
7052 22 54 
7054 22 55 
7056 22 56 
7058 22 57 
7060 22 58 
7062 22 59 
7064 22 60 
7066 22 61 
7068 22 62 
7070 22 63 
7104 23 48 
7106 23 49 
7108 23 50 
7110 23 51 
7112 23 52 
7114 23 53 
7116 23 54 
7118 23 55 
7120 23 56 
7122 23 57 
7124 23 58 
7126 23 59 
7128 23 60 
7130 23 61 
7132 23 62 
7134 23 63 
7168 8 48 
7170 8 49 
7172 8 50 
7174 8 51 
7176 8 52 
7178 8 53 
7180 8 54 
7182 8 55 
7184 8 56 
7186 8 57 
7188 8 58 
7190 8 59 
7192 8 60 
7194 8 61 
7196 8 62 
7198 8 63 
7232 9 48 
7234 9 49 
7236 9 50 
7238 9 51 
7240 9 52 
7242 9 53 
7244 9 54 
7246 9 55 
7248 9 56 
7250 9 57 
7252 9 58 
7254 9 59 
7256 9 60 
7258 9 61 
7260 9 62 
7262 9 63 
7296 10 48 
7298 10 49 
7300 10 50 
7302 10 51 
7304 10 52 
7306 10 53 
7308 10 54 
7310 10 55 
7312 10 56 
7314 10 57 
7316 10 58 
7318 10 59 
7320 10 60 
7322 10 61 
7324 10 62 
7326 10 63 
7360 11 48 
7362 11 49 
7364 11 50 
7366 11 51 
7368 11 52 
7370 11 53 
7372 11 54 
7374 11 55 
7376 11 56 
7378 11 57 
7380 11 58 
7382 11 59 
7384 11 60 
7386 11 61 
7388 11 62 
7390 11 63 
7424 12 48 
7426 12 49 
7428 12 50 
7430 12 51 
7432 12 52 
7434 12 53 
7436 12 54 
7438 12 55 
7440 12 56 
7442 12 57 
7444 12 58 
7446 12 59 
7448 12 60 
7450 12 61 
7452 12 62 
7454 12 63 
7488 13 48 
7490 13 49 
7492 13 50 
7494 13 51 
7496 13 52 
7498 13 53 
7500 13 54 
7502 13 55 
7504 13 56 
7506 13 57 
7508 13 58 
7510 13 59 
7512 13 60 
7514 13 61 
7516 13 62 
7518 13 63 
7552 14 48 
7554 14 49 
7556 14 50 
7558 14 51 
7560 14 52 
7562 14 53 
7564 14 54 
7566 14 55 
7568 14 56 
7570 14 57 
7572 14 58 
7574 14 59 
7576 14 60 
7578 14 61 
7580 14 62 
7582 14 63 
7616 15 48 
7618 15 49 
7620 15 50 
7622 15 51 
7624 15 52 
7626 15 53 
7628 15 54 
7630 15 55 
7632 15 56 
7634 15 57 
7636 15 58 
7638 15 59 
7640 15 60 
7642 15 61 
7644 15 62 
7646 15 63 
7680 0 48 
7682 0 49 
7684 0 50 
7686 0 51 
7688 0 52 
7690 0 53 
7692 0 54 
7694 0 55 
7696 0 56 
7698 0 57 
7700 0 58 
7702 0 59 
7704 0 60 
7706 0 61 
7708 0 62 
7710 0 63 
7744 1 48 
7746 1 49 
7748 1 50 
7750 1 51 
7752 1 52 
7754 1 53 
7756 1 54 
7758 1 55 
7760 1 56 
7762 1 57 
7764 1 58 
7766 1 59 
7768 1 60 
7770 1 61 
7772 1 62 
7774 1 63 
7808 2 48 
7810 2 49 
7812 2 50 
7814 2 51 
7816 2 52 
7818 2 53 
7820 2 54 
7822 2 55 
7824 2 56 
7826 2 57 
7828 2 58 
7830 2 59 
7832 2 60 
7834 2 61 
7836 2 62 
7838 2 63 
7872 3 48 
7874 3 49 
7876 3 50 
7878 3 51 
7880 3 52 
7882 3 53 
7884 3 54 
7886 3 55 
7888 3 56 
7890 3 57 
7892 3 58 
7894 3 59 
7896 3 60 
7898 3 61 
7900 3 62 
7902 3 63 
7936 4 48 
7938 4 49 
7940 4 50 
7942 4 51 
7944 4 52 
7946 4 53 
7948 4 54 
7950 4 55 
7952 4 56 
7954 4 57 
7956 4 58 
7958 4 59 
7960 4 60 
7962 4 61 
7964 4 62 
7966 4 63 
8000 5 48 
8002 5 49 
8004 5 50 
8006 5 51 
8008 5 52 
8010 5 53 
8012 5 54 
8014 5 55 
8016 5 56 
8018 5 57 
8020 5 58 
8022 5 59 
8024 5 60 
8026 5 61 
8028 5 62 
8030 5 63 
8064 6 48 
8066 6 49 
8068 6 50 
8070 6 51 
8072 6 52 
8074 6 53 
8076 6 54 
8078 6 55 
8080 6 56 
8082 6 57 
8084 6 58 
8086 6 59 
8088 6 60 
8090 6 61 
8092 6 62 
8094 6 63 
8128 7 48 
8130 7 49 
8132 7 50 
8134 7 51 
8136 7 52 
8138 7 53 
8140 7 54 
8142 7 55 
8144 7 56 
8146 7 57 
8148 7 58 
8150 7 59 
8152 7 60 
8154 7 61 
8156 7 62 
8158 7 63 
8192 63 0 
8194 62 0 
8196 61 0 
8198 60 0 
8200 59 0 
8202 58 0 
8204 57 0 
8206 56 0 
8208 55 0 
8210 54 0 
8212 53 0 
8214 52 0 
8216 51 0 
8218 50 0 
8220 49 0 
8222 48 0 
8256 63 1 
8258 62 1 
8260 61 1 
8262 60 1 
8264 59 1 
8266 58 1 
8268 57 1 
8270 56 1 
8272 55 1 
8274 54 1 
8276 53 1 
8278 52 1 
8280 51 1 
8282 50 1 
8284 49 1 
8286 48 1 
8320 63 2 
8322 62 2 
8324 61 2 
8326 60 2 
8328 59 2 
8330 58 2 
8332 57 2 
8334 56 2 
8336 55 2 
8338 54 2 
8340 53 2 
8342 52 2 
8344 51 2 
8346 50 2 
8348 49 2 
8350 48 2 
8384 63 3 
8386 62 3 
8388 61 3 
8390 60 3 
8392 59 3 
8394 58 3 
8396 57 3 
8398 56 3 
8400 55 3 
8402 54 3 
8404 53 3 
8406 52 3 
8408 51 3 
8410 50 3 
8412 49 3 
8414 48 3 
8448 63 4 
8450 62 4 
8452 61 4 
8454 60 4 
8456 59 4 
8458 58 4 
8460 57 4 
8462 56 4 
8464 55 4 
8466 54 4 
8468 53 4 
8470 52 4 
8472 51 4 
8474 50 4 
8476 49 4 
8478 48 4 
8512 63 5 
8514 62 5 
8516 61 5 
8518 60 5 
8520 59 5 
8522 58 5 
8524 57 5 
8526 56 5 
8528 55 5 
8530 54 5 
8532 53 5 
8534 52 5 
8536 51 5 
8538 50 5 
8540 49 5 
8542 48 5 
8576 63 6 
8578 62 6 
8580 61 6 
8582 60 6 
8584 59 6 
8586 58 6 
8588 57 6 
8590 56 6 
8592 55 6 
8594 54 6 
8596 53 6 
8598 52 6 
8600 51 6 
8602 50 6 
8604 49 6 
8606 48 6 
8640 63 7 
8642 62 7 
8644 61 7 
8646 60 7 
8648 59 7 
8650 58 7 
8652 57 7 
8654 56 7 
8656 55 7 
8658 54 7 
8660 53 7 
8662 52 7 
8664 51 7 
8666 50 7 
8668 49 7 
8670 48 7 
8704 63 8 
8706 62 8 
8708 61 8 
8710 60 8 
8712 59 8 
8714 58 8 
8716 57 8 
8718 56 8 
8720 55 8 
8722 54 8 
8724 53 8 
8726 52 8 
8728 51 8 
8730 50 8 
8732 49 8 
8734 48 8 
8768 63 9 
8770 62 9 
8772 61 9 
8774 60 9 
8776 59 9 
8778 58 9 
8780 57 9 
8782 56 9 
8784 55 9 
8786 54 9 
8788 53 9 
8790 52 9 
8792 51 9 
8794 50 9 
8796 49 9 
8798 48 9 
8832 63 10 
8834 62 10 
8836 61 10 
8838 60 10 
8840 59 10 
8842 58 10 
8844 57 10 
8846 56 10 
8848 55 10 
8850 54 10 
8852 53 10 
8854 52 10 
8856 51 10 
8858 50 10 
8860 49 10 
8862 48 10 
8896 63 11 
8898 62 11 
8900 61 11 
8902 60 11 
8904 59 11 
8906 58 11 
8908 57 11 
8910 56 11 
8912 55 11 
8914 54 11 
8916 53 11 
8918 52 11 
8920 51 11 
8922 50 11 
8924 49 11 
8926 48 11 
8960 63 12 
8962 62 12 
8964 61 12 
8966 60 12 
8968 59 12 
8970 58 12 
8972 57 12 
8974 56 12 
8976 55 12 
8978 54 12 
8980 53 12 
8982 52 12 
8984 51 12 
8986 50 12 
8988 49 12 
8990 48 12 
9024 63 13 
9026 62 13 
9028 61 13 
9030 60 13 
9032 59 13 
9034 58 13 
9036 57 13 
9038 56 13 
9040 55 13 
9042 54 13 
9044 53 13 
9046 52 13 
9048 51 13 
9050 50 13 
9052 49 13 
9054 48 13 
9088 63 14 
9090 62 14 
9092 61 14 
9094 60 14 
9096 59 14 
9098 58 14 
9100 57 14 
9102 56 14 
9104 55 14 
9106 54 14 
9108 53 14 
9110 52 14 
9112 51 14 
9114 50 14 
9116 49 14 
9118 48 14 
9152 63 15 
9154 62 15 
9156 61 15 
9158 60 15 
9160 59 15 
9162 58 15 
9164 57 15 
9166 56 15 
9168 55 15 
9170 54 15 
9172 53 15 
9174 52 15 
9176 51 15 
9178 50 15 
9180 49 15 
9182 48 15 
9216 63 16 
9218 62 16 
9220 61 16 
9222 60 16 
9224 59 16 
9226 58 16 
9228 57 16 
9230 56 16 
9232 55 16 
9234 54 16 
9236 53 16 
9238 52 16 
9240 51 16 
9242 50 16 
9244 49 16 
9246 48 16 
9280 63 17 
9282 62 17 
9284 61 17 
9286 60 17 
9288 59 17 
9290 58 17 
9292 57 17 
9294 56 17 
9296 55 17 
9298 54 17 
9300 53 17 
9302 52 17 
9304 51 17 
9306 50 17 
9308 49 17 
9310 48 17 
9344 63 18 
9346 62 18 
9348 61 18 
9350 60 18 
9352 59 18 
9354 58 18 
9356 57 18 
9358 56 18 
9360 55 18 
9362 54 18 
9364 53 18 
9366 52 18 
9368 51 18 
9370 50 18 
9372 49 18 
9374 48 18 
9408 63 19 
9410 62 19 
9412 61 19 
9414 60 19 
9416 59 19 
9418 58 19 
9420 57 19 
9422 56 19 
9424 55 19 
9426 54 19 
9428 53 19 
9430 52 19 
9432 51 19 
9434 50 19 
9436 49 19 
9438 48 19 
9472 63 20 
9474 62 20 
9476 61 20 
9478 60 20 
9480 59 20 
9482 58 20 
9484 57 20 
9486 56 20 
9488 55 20 
9490 54 20 
9492 53 20 
9494 52 20 
9496 51 20 
9498 50 20 
9500 49 20 
9502 48 20 
9536 63 21 
9538 62 21 
9540 61 21 
9542 60 21 
9544 59 21 
9546 58 21 
9548 57 21 
9550 56 21 
9552 55 21 
9554 54 21 
9556 53 21 
9558 52 21 
9560 51 21 
9562 50 21 
9564 49 21 
9566 48 21 
9600 63 22 
9602 62 22 
9604 61 22 
9606 60 22 
9608 59 22 
9610 58 22 
9612 57 22 
9614 56 22 
9616 55 22 
9618 54 22 
9620 53 22 
9622 52 22 
9624 51 22 
9626 50 22 
9628 49 22 
9630 48 22 
9664 63 23 
9666 62 23 
9668 61 23 
9670 60 23 
9672 59 23 
9674 58 23 
9676 57 23 
9678 56 23 
9680 55 23 
9682 54 23 
9684 53 23 
9686 52 23 
9688 51 23 
9690 50 23 
9692 49 23 
9694 48 23 
9728 63 24 
9730 62 24 
9732 61 24 
9734 60 24 
9736 59 24 
9738 58 24 
9740 57 24 
9742 56 24 
9744 55 24 
9746 54 24 
9748 53 24 
9750 52 24 
9752 51 24 
9754 50 24 
9756 49 24 
9758 48 24 
9792 63 25 
9794 62 25 
9796 61 25 
9798 60 25 
9800 59 25 
9802 58 25 
9804 57 25 
9806 56 25 
9808 55 25 
9810 54 25 
9812 53 25 
9814 52 25 
9816 51 25 
9818 50 25 
9820 49 25 
9822 48 25 
9856 63 26 
9858 62 26 
9860 61 26 
9862 60 26 
9864 59 26 
9866 58 26 
9868 57 26 
9870 56 26 
9872 55 26 
9874 54 26 
9876 53 26 
9878 52 26 
9880 51 26 
9882 50 26 
9884 49 26 
9886 48 26 
9920 63 27 
9922 62 27 
9924 61 27 
9926 60 27 
9928 59 27 
9930 58 27 
9932 57 27 
9934 56 27 
9936 55 27 
9938 54 27 
9940 53 27 
9942 52 27 
9944 51 27 
9946 50 27 
9948 49 27 
9950 48 27 
9984 63 28 
9986 62 28 
9988 61 28 
9990 60 28 
9992 59 28 
9994 58 28 
9996 57 28 
9998 56 28 
10000 55 28 
10002 54 28 
10004 53 28 
10006 52 28 
10008 51 28 
10010 50 28 
10012 49 28 
10014 48 28 
10048 63 29 
10050 62 29 
10052 61 29 
10054 60 29 
10056 59 29 
10058 58 29 
10060 57 29 
10062 56 29 
10064 55 29 
10066 54 29 
10068 53 29 
10070 52 29 
10072 51 29 
10074 50 29 
10076 49 29 
10078 48 29 
10112 63 30 
10114 62 30 
10116 61 30 
10118 60 30 
10120 59 30 
10122 58 30 
10124 57 30 
10126 56 30 
10128 55 30 
10130 54 30 
10132 53 30 
10134 52 30 
10136 51 30 
10138 50 30 
10140 49 30 
10142 48 30 
10176 63 31 
10178 62 31 
10180 61 31 
10182 60 31 
10184 59 31 
10186 58 31 
10188 57 31 
10190 56 31 
10192 55 31 
10194 54 31 
10196 53 31 
10198 52 31 
10200 51 31 
10202 50 31 
10204 49 31 
10206 48 31 
10240 47 24 
10242 46 24 
10244 45 24 
10246 44 24 
10248 43 24 
10250 42 24 
10252 41 24 
10254 40 24 
10256 39 24 
10258 38 24 
10260 37 24 
10262 36 24 
10264 35 24 
10266 34 24 
10268 33 24 
10270 32 24 
10304 47 25 
10306 46 25 
10308 45 25 
10310 44 25 
10312 43 25 
10314 42 25 
10316 41 25 
10318 40 25 
10320 39 25 
10322 38 25 
10324 37 25 
10326 36 25 
10328 35 25 
10330 34 25 
10332 33 25 
10334 32 25 
10368 47 26 
10370 46 26 
10372 45 26 
10374 44 26 
10376 43 26 
10378 42 26 
10380 41 26 
10382 40 26 
10384 39 26 
10386 38 26 
10388 37 26 
10390 36 26 
10392 35 26 
10394 34 26 
10396 33 26 
10398 32 26 
10432 47 27 
10434 46 27 
10436 45 27 
10438 44 27 
10440 43 27 
10442 42 27 
10444 41 27 
10446 40 27 
10448 39 27 
10450 38 27 
10452 37 27 
10454 36 27 
10456 35 27 
10458 34 27 
10460 33 27 
10462 32 27 
10496 47 28 
10498 46 28 
10500 45 28 
10502 44 28 
10504 43 28 
10506 42 28 
10508 41 28 
10510 40 28 
10512 39 28 
10514 38 28 
10516 37 28 
10518 36 28 
10520 35 28 
10522 34 28 
10524 33 28 
10526 32 28 
10560 47 29 
10562 46 29 
10564 45 29 
10566 44 29 
10568 43 29 
10570 42 29 
10572 41 29 
10574 40 29 
10576 39 29 
10578 38 29 
10580 37 29 
10582 36 29 
10584 35 29 
10586 34 29 
10588 33 29 
10590 32 29 
10624 47 30 
10626 46 30 
10628 45 30 
10630 44 30 
10632 43 30 
10634 42 30 
10636 41 30 
10638 40 30 
10640 39 30 
10642 38 30 
10644 37 30 
10646 36 30 
10648 35 30 
10650 34 30 
10652 33 30 
10654 32 30 
10688 47 31 
10690 46 31 
10692 45 31 
10694 44 31 
10696 43 31 
10698 42 31 
10700 41 31 
10702 40 31 
10704 39 31 
10706 38 31 
10708 37 31 
10710 36 31 
10712 35 31 
10714 34 31 
10716 33 31 
10718 32 31 
10752 47 16 
10754 46 16 
10756 45 16 
10758 44 16 
10760 43 16 
10762 42 16 
10764 41 16 
10766 40 16 
10768 39 16 
10770 38 16 
10772 37 16 
10774 36 16 
10776 35 16 
10778 34 16 
10780 33 16 
10782 32 16 
10816 47 17 
10818 46 17 
10820 45 17 
10822 44 17 
10824 43 17 
10826 42 17 
10828 41 17 
10830 40 17 
10832 39 17 
10834 38 17 
10836 37 17 
10838 36 17 
10840 35 17 
10842 34 17 
10844 33 17 
10846 32 17 
10880 47 18 
10882 46 18 
10884 45 18 
10886 44 18 
10888 43 18 
10890 42 18 
10892 41 18 
10894 40 18 
10896 39 18 
10898 38 18 
10900 37 18 
10902 36 18 
10904 35 18 
10906 34 18 
10908 33 18 
10910 32 18 
10944 47 19 
10946 46 19 
10948 45 19 
10950 44 19 
10952 43 19 
10954 42 19 
10956 41 19 
10958 40 19 
10960 39 19 
10962 38 19 
10964 37 19 
10966 36 19 
10968 35 19 
10970 34 19 
10972 33 19 
10974 32 19 
11008 47 20 
11010 46 20 
11012 45 20 
11014 44 20 
11016 43 20 
11018 42 20 
11020 41 20 
11022 40 20 
11024 39 20 
11026 38 20 
11028 37 20 
11030 36 20 
11032 35 20 
11034 34 20 
11036 33 20 
11038 32 20 
11072 47 21 
11074 46 21 
11076 45 21 
11078 44 21 
11080 43 21 
11082 42 21 
11084 41 21 
11086 40 21 
11088 39 21 
11090 38 21 
11092 37 21 
11094 36 21 
11096 35 21 
11098 34 21 
11100 33 21 
11102 32 21 
11136 47 22 
11138 46 22 
11140 45 22 
11142 44 22 
11144 43 22 
11146 42 22 
11148 41 22 
11150 40 22 
11152 39 22 
11154 38 22 
11156 37 22 
11158 36 22 
11160 35 22 
11162 34 22 
11164 33 22 
11166 32 22 
11200 47 23 
11202 46 23 
11204 45 23 
11206 44 23 
11208 43 23 
11210 42 23 
11212 41 23 
11214 40 23 
11216 39 23 
11218 38 23 
11220 37 23 
11222 36 23 
11224 35 23 
11226 34 23 
11228 33 23 
11230 32 23 
11264 47 8 
11266 46 8 
11268 45 8 
11270 44 8 
11272 43 8 
11274 42 8 
11276 41 8 
11278 40 8 
11280 39 8 
11282 38 8 
11284 37 8 
11286 36 8 
11288 35 8 
11290 34 8 
11292 33 8 
11294 32 8 
11328 47 9 
11330 46 9 
11332 45 9 
11334 44 9 
11336 43 9 
11338 42 9 
11340 41 9 
11342 40 9 
11344 39 9 
11346 38 9 
11348 37 9 
11350 36 9 
11352 35 9 
11354 34 9 
11356 33 9 
11358 32 9 
11392 47 10 
11394 46 10 
11396 45 10 
11398 44 10 
11400 43 10 
11402 42 10 
11404 41 10 
11406 40 10 
11408 39 10 
11410 38 10 
11412 37 10 
11414 36 10 
11416 35 10 
11418 34 10 
11420 33 10 
11422 32 10 
11456 47 11 
11458 46 11 
11460 45 11 
11462 44 11 
11464 43 11 
11466 42 11 
11468 41 11 
11470 40 11 
11472 39 11 
11474 38 11 
11476 37 11 
11478 36 11 
11480 35 11 
11482 34 11 
11484 33 11 
11486 32 11 
11520 47 12 
11522 46 12 
11524 45 12 
11526 44 12 
11528 43 12 
11530 42 12 
11532 41 12 
11534 40 12 
11536 39 12 
11538 38 12 
11540 37 12 
11542 36 12 
11544 35 12 
11546 34 12 
11548 33 12 
11550 32 12 
11584 47 13 
11586 46 13 
11588 45 13 
11590 44 13 
11592 43 13 
11594 42 13 
11596 41 13 
11598 40 13 
11600 39 13 
11602 38 13 
11604 37 13 
11606 36 13 
11608 35 13 
11610 34 13 
11612 33 13 
11614 32 13 
11648 47 14 
11650 46 14 
11652 45 14 
11654 44 14 
11656 43 14 
11658 42 14 
11660 41 14 
11662 40 14 
11664 39 14 
11666 38 14 
11668 37 14 
11670 36 14 
11672 35 14 
11674 34 14 
11676 33 14 
11678 32 14 
11712 47 15 
11714 46 15 
11716 45 15 
11718 44 15 
11720 43 15 
11722 42 15 
11724 41 15 
11726 40 15 
11728 39 15 
11730 38 15 
11732 37 15 
11734 36 15 
11736 35 15 
11738 34 15 
11740 33 15 
11742 32 15 
11776 47 0 
11778 46 0 
11780 45 0 
11782 44 0 
11784 43 0 
11786 42 0 
11788 41 0 
11790 40 0 
11792 39 0 
11794 38 0 
11796 37 0 
11798 36 0 
11800 35 0 
11802 34 0 
11804 33 0 
11806 32 0 
11840 47 1 
11842 46 1 
11844 45 1 
11846 44 1 
11848 43 1 
11850 42 1 
11852 41 1 
11854 40 1 
11856 39 1 
11858 38 1 
11860 37 1 
11862 36 1 
11864 35 1 
11866 34 1 
11868 33 1 
11870 32 1 
11904 47 2 
11906 46 2 
11908 45 2 
11910 44 2 
11912 43 2 
11914 42 2 
11916 41 2 
11918 40 2 
11920 39 2 
11922 38 2 
11924 37 2 
11926 36 2 
11928 35 2 
11930 34 2 
11932 33 2 
11934 32 2 
11968 47 3 
11970 46 3 
11972 45 3 
11974 44 3 
11976 43 3 
11978 42 3 
11980 41 3 
11982 40 3 
11984 39 3 
11986 38 3 
11988 37 3 
11990 36 3 
11992 35 3 
11994 34 3 
11996 33 3 
11998 32 3 
12032 47 4 
12034 46 4 
12036 45 4 
12038 44 4 
12040 43 4 
12042 42 4 
12044 41 4 
12046 40 4 
12048 39 4 
12050 38 4 
12052 37 4 
12054 36 4 
12056 35 4 
12058 34 4 
12060 33 4 
12062 32 4 
12096 47 5 
12098 46 5 
12100 45 5 
12102 44 5 
12104 43 5 
12106 42 5 
12108 41 5 
12110 40 5 
12112 39 5 
12114 38 5 
12116 37 5 
12118 36 5 
12120 35 5 
12122 34 5 
12124 33 5 
12126 32 5 
12160 47 6 
12162 46 6 
12164 45 6 
12166 44 6 
12168 43 6 
12170 42 6 
12172 41 6 
12174 40 6 
12176 39 6 
12178 38 6 
12180 37 6 
12182 36 6 
12184 35 6 
12186 34 6 
12188 33 6 
12190 32 6 
12224 47 7 
12226 46 7 
12228 45 7 
12230 44 7 
12232 43 7 
12234 42 7 
12236 41 7 
12238 40 7 
12240 39 7 
12242 38 7 
12244 37 7 
12246 36 7 
12248 35 7 
12250 34 7 
12252 33 7 
12254 32 7 
12288 127 63 
12290 127 62 
12292 127 61 
12294 127 60 
12296 127 59 
12298 127 58 
12300 127 57 
12302 127 56 
12304 127 55 
12306 127 54 
12308 127 53 
12310 127 52 
12312 127 51 
12314 127 50 
12316 127 49 
12318 127 48 
12352 126 63 
12354 126 62 
12356 126 61 
12358 126 60 
12360 126 59 
12362 126 58 
12364 126 57 
12366 126 56 
12368 126 55 
12370 126 54 
12372 126 53 
12374 126 52 
12376 126 51 
12378 126 50 
12380 126 49 
12382 126 48 
12416 125 63 
12418 125 62 
12420 125 61 
12422 125 60 
12424 125 59 
12426 125 58 
12428 125 57 
12430 125 56 
12432 125 55 
12434 125 54 
12436 125 53 
12438 125 52 
12440 125 51 
12442 125 50 
12444 125 49 
12446 125 48 
12480 124 63 
12482 124 62 
12484 124 61 
12486 124 60 
12488 124 59 
12490 124 58 
12492 124 57 
12494 124 56 
12496 124 55 
12498 124 54 
12500 124 53 
12502 124 52 
12504 124 51 
12506 124 50 
12508 124 49 
12510 124 48 
12544 123 63 
12546 123 62 
12548 123 61 
12550 123 60 
12552 123 59 
12554 123 58 
12556 123 57 
12558 123 56 
12560 123 55 
12562 123 54 
12564 123 53 
12566 123 52 
12568 123 51 
12570 123 50 
12572 123 49 
12574 123 48 
12608 122 63 
12610 122 62 
12612 122 61 
12614 122 60 
12616 122 59 
12618 122 58 
12620 122 57 
12622 122 56 
12624 122 55 
12626 122 54 
12628 122 53 
12630 122 52 
12632 122 51 
12634 122 50 
12636 122 49 
12638 122 48 
12672 121 63 
12674 121 62 
12676 121 61 
12678 121 60 
12680 121 59 
12682 121 58 
12684 121 57 
12686 121 56 
12688 121 55 
12690 121 54 
12692 121 53 
12694 121 52 
12696 121 51 
12698 121 50 
12700 121 49 
12702 121 48 
12736 120 63 
12738 120 62 
12740 120 61 
12742 120 60 
12744 120 59 
12746 120 58 
12748 120 57 
12750 120 56 
12752 120 55 
12754 120 54 
12756 120 53 
12758 120 52 
12760 120 51 
12762 120 50 
12764 120 49 
12766 120 48 
12800 119 63 
12802 119 62 
12804 119 61 
12806 119 60 
12808 119 59 
12810 119 58 
12812 119 57 
12814 119 56 
12816 119 55 
12818 119 54 
12820 119 53 
12822 119 52 
12824 119 51 
12826 119 50 
12828 119 49 
12830 119 48 
12864 118 63 
12866 118 62 
12868 118 61 
12870 118 60 
12872 118 59 
12874 118 58 
12876 118 57 
12878 118 56 
12880 118 55 
12882 118 54 
12884 118 53 
12886 118 52 
12888 118 51 
12890 118 50 
12892 118 49 
12894 118 48 
12928 117 63 
12930 117 62 
12932 117 61 
12934 117 60 
12936 117 59 
12938 117 58 
12940 117 57 
12942 117 56 
12944 117 55 
12946 117 54 
12948 117 53 
12950 117 52 
12952 117 51 
12954 117 50 
12956 117 49 
12958 117 48 
12992 116 63 
12994 116 62 
12996 116 61 
12998 116 60 
13000 116 59 
13002 116 58 
13004 116 57 
13006 116 56 
13008 116 55 
13010 116 54 
13012 116 53 
13014 116 52 
13016 116 51 
13018 116 50 
13020 116 49 
13022 116 48 
13056 115 63 
13058 115 62 
13060 115 61 
13062 115 60 
13064 115 59 
13066 115 58 
13068 115 57 
13070 115 56 
13072 115 55 
13074 115 54 
13076 115 53 
13078 115 52 
13080 115 51 
13082 115 50 
13084 115 49 
13086 115 48 
13120 114 63 
13122 114 62 
13124 114 61 
13126 114 60 
13128 114 59 
13130 114 58 
13132 114 57 
13134 114 56 
13136 114 55 
13138 114 54 
13140 114 53 
13142 114 52 
13144 114 51 
13146 114 50 
13148 114 49 
13150 114 48 
13184 113 63 
13186 113 62 
13188 113 61 
13190 113 60 
13192 113 59 
13194 113 58 
13196 113 57 
13198 113 56 
13200 113 55 
13202 113 54 
13204 113 53 
13206 113 52 
13208 113 51 
13210 113 50 
13212 113 49 
13214 113 48 
13248 112 63 
13250 112 62 
13252 112 61 
13254 112 60 
13256 112 59 
13258 112 58 
13260 112 57 
13262 112 56 
13264 112 55 
13266 112 54 
13268 112 53 
13270 112 52 
13272 112 51 
13274 112 50 
13276 112 49 
13278 112 48 
13312 111 63 
13314 111 62 
13316 111 61 
13318 111 60 
13320 111 59 
13322 111 58 
13324 111 57 
13326 111 56 
13328 111 55 
13330 111 54 
13332 111 53 
13334 111 52 
13336 111 51 
13338 111 50 
13340 111 49 
13342 111 48 
13376 110 63 
13378 110 62 
13380 110 61 
13382 110 60 
13384 110 59 
13386 110 58 
13388 110 57 
13390 110 56 
13392 110 55 
13394 110 54 
13396 110 53 
13398 110 52 
13400 110 51 
13402 110 50 
13404 110 49 
13406 110 48 
13440 109 63 
13442 109 62 
13444 109 61 
13446 109 60 
13448 109 59 
13450 109 58 
13452 109 57 
13454 109 56 
13456 109 55 
13458 109 54 
13460 109 53 
13462 109 52 
13464 109 51 
13466 109 50 
13468 109 49 
13470 109 48 
13504 108 63 
13506 108 62 
13508 108 61 
13510 108 60 
13512 108 59 
13514 108 58 
13516 108 57 
13518 108 56 
13520 108 55 
13522 108 54 
13524 108 53 
13526 108 52 
13528 108 51 
13530 108 50 
13532 108 49 
13534 108 48 
13568 107 63 
13570 107 62 
13572 107 61 
13574 107 60 
13576 107 59 
13578 107 58 
13580 107 57 
13582 107 56 
13584 107 55 
13586 107 54 
13588 107 53 
13590 107 52 
13592 107 51 
13594 107 50 
13596 107 49 
13598 107 48 
13632 106 63 
13634 106 62 
13636 106 61 
13638 106 60 
13640 106 59 
13642 106 58 
13644 106 57 
13646 106 56 
13648 106 55 
13650 106 54 
13652 106 53 
13654 106 52 
13656 106 51 
13658 106 50 
13660 106 49 
13662 106 48 
13696 105 63 
13698 105 62 
13700 105 61 
13702 105 60 
13704 105 59 
13706 105 58 
13708 105 57 
13710 105 56 
13712 105 55 
13714 105 54 
13716 105 53 
13718 105 52 
13720 105 51 
13722 105 50 
13724 105 49 
13726 105 48 
13760 104 63 
13762 104 62 
13764 104 61 
13766 104 60 
13768 104 59 
13770 104 58 
13772 104 57 
13774 104 56 
13776 104 55 
13778 104 54 
13780 104 53 
13782 104 52 
13784 104 51 
13786 104 50 
13788 104 49 
13790 104 48 
13824 103 63 
13826 103 62 
13828 103 61 
13830 103 60 
13832 103 59 
13834 103 58 
13836 103 57 
13838 103 56 
13840 103 55 
13842 103 54 
13844 103 53 
13846 103 52 
13848 103 51 
13850 103 50 
13852 103 49 
13854 103 48 
13888 102 63 
13890 102 62 
13892 102 61 
13894 102 60 
13896 102 59 
13898 102 58 
13900 102 57 
13902 102 56 
13904 102 55 
13906 102 54 
13908 102 53 
13910 102 52 
13912 102 51 
13914 102 50 
13916 102 49 
13918 102 48 
13952 101 63 
13954 101 62 
13956 101 61 
13958 101 60 
13960 101 59 
13962 101 58 
13964 101 57 
13966 101 56 
13968 101 55 
13970 101 54 
13972 101 53 
13974 101 52 
13976 101 51 
13978 101 50 
13980 101 49 
13982 101 48 
14016 100 63 
14018 100 62 
14020 100 61 
14022 100 60 
14024 100 59 
14026 100 58 
14028 100 57 
14030 100 56 
14032 100 55 
14034 100 54 
14036 100 53 
14038 100 52 
14040 100 51 
14042 100 50 
14044 100 49 
14046 100 48 
14080 99 63 
14082 99 62 
14084 99 61 
14086 99 60 
14088 99 59 
14090 99 58 
14092 99 57 
14094 99 56 
14096 99 55 
14098 99 54 
14100 99 53 
14102 99 52 
14104 99 51 
14106 99 50 
14108 99 49 
14110 99 48 
14144 98 63 
14146 98 62 
14148 98 61 
14150 98 60 
14152 98 59 
14154 98 58 
14156 98 57 
14158 98 56 
14160 98 55 
14162 98 54 
14164 98 53 
14166 98 52 
14168 98 51 
14170 98 50 
14172 98 49 
14174 98 48 
14208 97 63 
14210 97 62 
14212 97 61 
14214 97 60 
14216 97 59 
14218 97 58 
14220 97 57 
14222 97 56 
14224 97 55 
14226 97 54 
14228 97 53 
14230 97 52 
14232 97 51 
14234 97 50 
14236 97 49 
14238 97 48 
14272 96 63 
14274 96 62 
14276 96 61 
14278 96 60 
14280 96 59 
14282 96 58 
14284 96 57 
14286 96 56 
14288 96 55 
14290 96 54 
14292 96 53 
14294 96 52 
14296 96 51 
14298 96 50 
14300 96 49 
14302 96 48 
14336 103 47 
14338 103 46 
14340 103 45 
14342 103 44 
14344 103 43 
14346 103 42 
14348 103 41 
14350 103 40 
14352 103 39 
14354 103 38 
14356 103 37 
14358 103 36 
14360 103 35 
14362 103 34 
14364 103 33 
14366 103 32 
14400 102 47 
14402 102 46 
14404 102 45 
14406 102 44 
14408 102 43 
14410 102 42 
14412 102 41 
14414 102 40 
14416 102 39 
14418 102 38 
14420 102 37 
14422 102 36 
14424 102 35 
14426 102 34 
14428 102 33 
14430 102 32 
14464 101 47 
14466 101 46 
14468 101 45 
14470 101 44 
14472 101 43 
14474 101 42 
14476 101 41 
14478 101 40 
14480 101 39 
14482 101 38 
14484 101 37 
14486 101 36 
14488 101 35 
14490 101 34 
14492 101 33 
14494 101 32 
14528 100 47 
14530 100 46 
14532 100 45 
14534 100 44 
14536 100 43 
14538 100 42 
14540 100 41 
14542 100 40 
14544 100 39 
14546 100 38 
14548 100 37 
14550 100 36 
14552 100 35 
14554 100 34 
14556 100 33 
14558 100 32 
14592 99 47 
14594 99 46 
14596 99 45 
14598 99 44 
14600 99 43 
14602 99 42 
14604 99 41 
14606 99 40 
14608 99 39 
14610 99 38 
14612 99 37 
14614 99 36 
14616 99 35 
14618 99 34 
14620 99 33 
14622 99 32 
14656 98 47 
14658 98 46 
14660 98 45 
14662 98 44 
14664 98 43 
14666 98 42 
14668 98 41 
14670 98 40 
14672 98 39 
14674 98 38 
14676 98 37 
14678 98 36 
14680 98 35 
14682 98 34 
14684 98 33 
14686 98 32 
14720 97 47 
14722 97 46 
14724 97 45 
14726 97 44 
14728 97 43 
14730 97 42 
14732 97 41 
14734 97 40 
14736 97 39 
14738 97 38 
14740 97 37 
14742 97 36 
14744 97 35 
14746 97 34 
14748 97 33 
14750 97 32 
14784 96 47 
14786 96 46 
14788 96 45 
14790 96 44 
14792 96 43 
14794 96 42 
14796 96 41 
14798 96 40 
14800 96 39 
14802 96 38 
14804 96 37 
14806 96 36 
14808 96 35 
14810 96 34 
14812 96 33 
14814 96 32 
14848 111 47 
14850 111 46 
14852 111 45 
14854 111 44 
14856 111 43 
14858 111 42 
14860 111 41 
14862 111 40 
14864 111 39 
14866 111 38 
14868 111 37 
14870 111 36 
14872 111 35 
14874 111 34 
14876 111 33 
14878 111 32 
14912 110 47 
14914 110 46 
14916 110 45 
14918 110 44 
14920 110 43 
14922 110 42 
14924 110 41 
14926 110 40 
14928 110 39 
14930 110 38 
14932 110 37 
14934 110 36 
14936 110 35 
14938 110 34 
14940 110 33 
14942 110 32 
14976 109 47 
14978 109 46 
14980 109 45 
14982 109 44 
14984 109 43 
14986 109 42 
14988 109 41 
14990 109 40 
14992 109 39 
14994 109 38 
14996 109 37 
14998 109 36 
15000 109 35 
15002 109 34 
15004 109 33 
15006 109 32 
15040 108 47 
15042 108 46 
15044 108 45 
15046 108 44 
15048 108 43 
15050 108 42 
15052 108 41 
15054 108 40 
15056 108 39 
15058 108 38 
15060 108 37 
15062 108 36 
15064 108 35 
15066 108 34 
15068 108 33 
15070 108 32 
15104 107 47 
15106 107 46 
15108 107 45 
15110 107 44 
15112 107 43 
15114 107 42 
15116 107 41 
15118 107 40 
15120 107 39 
15122 107 38 
15124 107 37 
15126 107 36 
15128 107 35 
15130 107 34 
15132 107 33 
15134 107 32 
15168 106 47 
15170 106 46 
15172 106 45 
15174 106 44 
15176 106 43 
15178 106 42 
15180 106 41 
15182 106 40 
15184 106 39 
15186 106 38 
15188 106 37 
15190 106 36 
15192 106 35 
15194 106 34 
15196 106 33 
15198 106 32 
15232 105 47 
15234 105 46 
15236 105 45 
15238 105 44 
15240 105 43 
15242 105 42 
15244 105 41 
15246 105 40 
15248 105 39 
15250 105 38 
15252 105 37 
15254 105 36 
15256 105 35 
15258 105 34 
15260 105 33 
15262 105 32 
15296 104 47 
15298 104 46 
15300 104 45 
15302 104 44 
15304 104 43 
15306 104 42 
15308 104 41 
15310 104 40 
15312 104 39 
15314 104 38 
15316 104 37 
15318 104 36 
15320 104 35 
15322 104 34 
15324 104 33 
15326 104 32 
15360 119 47 
15362 119 46 
15364 119 45 
15366 119 44 
15368 119 43 
15370 119 42 
15372 119 41 
15374 119 40 
15376 119 39 
15378 119 38 
15380 119 37 
15382 119 36 
15384 119 35 
15386 119 34 
15388 119 33 
15390 119 32 
15424 118 47 
15426 118 46 
15428 118 45 
15430 118 44 
15432 118 43 
15434 118 42 
15436 118 41 
15438 118 40 
15440 118 39 
15442 118 38 
15444 118 37 
15446 118 36 
15448 118 35 
15450 118 34 
15452 118 33 
15454 118 32 
15488 117 47 
15490 117 46 
15492 117 45 
15494 117 44 
15496 117 43 
15498 117 42 
15500 117 41 
15502 117 40 
15504 117 39 
15506 117 38 
15508 117 37 
15510 117 36 
15512 117 35 
15514 117 34 
15516 117 33 
15518 117 32 
15552 116 47 
15554 116 46 
15556 116 45 
15558 116 44 
15560 116 43 
15562 116 42 
15564 116 41 
15566 116 40 
15568 116 39 
15570 116 38 
15572 116 37 
15574 116 36 
15576 116 35 
15578 116 34 
15580 116 33 
15582 116 32 
15616 115 47 
15618 115 46 
15620 115 45 
15622 115 44 
15624 115 43 
15626 115 42 
15628 115 41 
15630 115 40 
15632 115 39 
15634 115 38 
15636 115 37 
15638 115 36 
15640 115 35 
15642 115 34 
15644 115 33 
15646 115 32 
15680 114 47 
15682 114 46 
15684 114 45 
15686 114 44 
15688 114 43 
15690 114 42 
15692 114 41 
15694 114 40 
15696 114 39 
15698 114 38 
15700 114 37 
15702 114 36 
15704 114 35 
15706 114 34 
15708 114 33 
15710 114 32 
15744 113 47 
15746 113 46 
15748 113 45 
15750 113 44 
15752 113 43 
15754 113 42 
15756 113 41 
15758 113 40 
15760 113 39 
15762 113 38 
15764 113 37 
15766 113 36 
15768 113 35 
15770 113 34 
15772 113 33 
15774 113 32 
15808 112 47 
15810 112 46 
15812 112 45 
15814 112 44 
15816 112 43 
15818 112 42 
15820 112 41 
15822 112 40 
15824 112 39 
15826 112 38 
15828 112 37 
15830 112 36 
15832 112 35 
15834 112 34 
15836 112 33 
15838 112 32 
15872 127 47 
15874 127 46 
15876 127 45 
15878 127 44 
15880 127 43 
15882 127 42 
15884 127 41 
15886 127 40 
15888 127 39 
15890 127 38 
15892 127 37 
15894 127 36 
15896 127 35 
15898 127 34 
15900 127 33 
15902 127 32 
15936 126 47 
15938 126 46 
15940 126 45 
15942 126 44 
15944 126 43 
15946 126 42 
15948 126 41 
15950 126 40 
15952 126 39 
15954 126 38 
15956 126 37 
15958 126 36 
15960 126 35 
15962 126 34 
15964 126 33 
15966 126 32 
16000 125 47 
16002 125 46 
16004 125 45 
16006 125 44 
16008 125 43 
16010 125 42 
16012 125 41 
16014 125 40 
16016 125 39 
16018 125 38 
16020 125 37 
16022 125 36 
16024 125 35 
16026 125 34 
16028 125 33 
16030 125 32 
16064 124 47 
16066 124 46 
16068 124 45 
16070 124 44 
16072 124 43 
16074 124 42 
16076 124 41 
16078 124 40 
16080 124 39 
16082 124 38 
16084 124 37 
16086 124 36 
16088 124 35 
16090 124 34 
16092 124 33 
16094 124 32 
16128 123 47 
16130 123 46 
16132 123 45 
16134 123 44 
16136 123 43 
16138 123 42 
16140 123 41 
16142 123 40 
16144 123 39 
16146 123 38 
16148 123 37 
16150 123 36 
16152 123 35 
16154 123 34 
16156 123 33 
16158 123 32 
16192 122 47 
16194 122 46 
16196 122 45 
16198 122 44 
16200 122 43 
16202 122 42 
16204 122 41 
16206 122 40 
16208 122 39 
16210 122 38 
16212 122 37 
16214 122 36 
16216 122 35 
16218 122 34 
16220 122 33 
16222 122 32 
16256 121 47 
16258 121 46 
16260 121 45 
16262 121 44 
16264 121 43 
16266 121 42 
16268 121 41 
16270 121 40 
16272 121 39 
16274 121 38 
16276 121 37 
16278 121 36 
16280 121 35 
16282 121 34 
16284 121 33 
16286 121 32 
16320 120 47 
16322 120 46 
16324 120 45 
16326 120 44 
16328 120 43 
16330 120 42 
16332 120 41 
16334 120 40 
16336 120 39 
16338 120 38 
16340 120 37 
16342 120 36 
16344 120 35 
16346 120 34 
16348 120 33 
16350 120 32 
16384 95 63 
16386 95 62 
16388 95 61 
16390 95 60 
16392 95 59 
16394 95 58 
16396 95 57 
16398 95 56 
16400 95 55 
16402 95 54 
16404 95 53 
16406 95 52 
16408 95 51 
16410 95 50 
16412 95 49 
16414 95 48 
16448 94 63 
16450 94 62 
16452 94 61 
16454 94 60 
16456 94 59 
16458 94 58 
16460 94 57 
16462 94 56 
16464 94 55 
16466 94 54 
16468 94 53 
16470 94 52 
16472 94 51 
16474 94 50 
16476 94 49 
16478 94 48 
16512 93 63 
16514 93 62 
16516 93 61 
16518 93 60 
16520 93 59 
16522 93 58 
16524 93 57 
16526 93 56 
16528 93 55 
16530 93 54 
16532 93 53 
16534 93 52 
16536 93 51 
16538 93 50 
16540 93 49 
16542 93 48 
16576 92 63 
16578 92 62 
16580 92 61 
16582 92 60 
16584 92 59 
16586 92 58 
16588 92 57 
16590 92 56 
16592 92 55 
16594 92 54 
16596 92 53 
16598 92 52 
16600 92 51 
16602 92 50 
16604 92 49 
16606 92 48 
16640 91 63 
16642 91 62 
16644 91 61 
16646 91 60 
16648 91 59 
16650 91 58 
16652 91 57 
16654 91 56 
16656 91 55 
16658 91 54 
16660 91 53 
16662 91 52 
16664 91 51 
16666 91 50 
16668 91 49 
16670 91 48 
16704 90 63 
16706 90 62 
16708 90 61 
16710 90 60 
16712 90 59 
16714 90 58 
16716 90 57 
16718 90 56 
16720 90 55 
16722 90 54 
16724 90 53 
16726 90 52 
16728 90 51 
16730 90 50 
16732 90 49 
16734 90 48 
16768 89 63 
16770 89 62 
16772 89 61 
16774 89 60 
16776 89 59 
16778 89 58 
16780 89 57 
16782 89 56 
16784 89 55 
16786 89 54 
16788 89 53 
16790 89 52 
16792 89 51 
16794 89 50 
16796 89 49 
16798 89 48 
16832 88 63 
16834 88 62 
16836 88 61 
16838 88 60 
16840 88 59 
16842 88 58 
16844 88 57 
16846 88 56 
16848 88 55 
16850 88 54 
16852 88 53 
16854 88 52 
16856 88 51 
16858 88 50 
16860 88 49 
16862 88 48 
16896 87 63 
16898 87 62 
16900 87 61 
16902 87 60 
16904 87 59 
16906 87 58 
16908 87 57 
16910 87 56 
16912 87 55 
16914 87 54 
16916 87 53 
16918 87 52 
16920 87 51 
16922 87 50 
16924 87 49 
16926 87 48 
16960 86 63 
16962 86 62 
16964 86 61 
16966 86 60 
16968 86 59 
16970 86 58 
16972 86 57 
16974 86 56 
16976 86 55 
16978 86 54 
16980 86 53 
16982 86 52 
16984 86 51 
16986 86 50 
16988 86 49 
16990 86 48 
17024 85 63 
17026 85 62 
17028 85 61 
17030 85 60 
17032 85 59 
17034 85 58 
17036 85 57 
17038 85 56 
17040 85 55 
17042 85 54 
17044 85 53 
17046 85 52 
17048 85 51 
17050 85 50 
17052 85 49 
17054 85 48 
17088 84 63 
17090 84 62 
17092 84 61 
17094 84 60 
17096 84 59 
17098 84 58 
17100 84 57 
17102 84 56 
17104 84 55 
17106 84 54 
17108 84 53 
17110 84 52 
17112 84 51 
17114 84 50 
17116 84 49 
17118 84 48 
17152 83 63 
17154 83 62 
17156 83 61 
17158 83 60 
17160 83 59 
17162 83 58 
17164 83 57 
17166 83 56 
17168 83 55 
17170 83 54 
17172 83 53 
17174 83 52 
17176 83 51 
17178 83 50 
17180 83 49 
17182 83 48 
17216 82 63 
17218 82 62 
17220 82 61 
17222 82 60 
17224 82 59 
17226 82 58 
17228 82 57 
17230 82 56 
17232 82 55 
17234 82 54 
17236 82 53 
17238 82 52 
17240 82 51 
17242 82 50 
17244 82 49 
17246 82 48 
17280 81 63 
17282 81 62 
17284 81 61 
17286 81 60 
17288 81 59 
17290 81 58 
17292 81 57 
17294 81 56 
17296 81 55 
17298 81 54 
17300 81 53 
17302 81 52 
17304 81 51 
17306 81 50 
17308 81 49 
17310 81 48 
17344 80 63 
17346 80 62 
17348 80 61 
17350 80 60 
17352 80 59 
17354 80 58 
17356 80 57 
17358 80 56 
17360 80 55 
17362 80 54 
17364 80 53 
17366 80 52 
17368 80 51 
17370 80 50 
17372 80 49 
17374 80 48 
17408 79 63 
17410 79 62 
17412 79 61 
17414 79 60 
17416 79 59 
17418 79 58 
17420 79 57 
17422 79 56 
17424 79 55 
17426 79 54 
17428 79 53 
17430 79 52 
17432 79 51 
17434 79 50 
17436 79 49 
17438 79 48 
17472 78 63 
17474 78 62 
17476 78 61 
17478 78 60 
17480 78 59 
17482 78 58 
17484 78 57 
17486 78 56 
17488 78 55 
17490 78 54 
17492 78 53 
17494 78 52 
17496 78 51 
17498 78 50 
17500 78 49 
17502 78 48 
17536 77 63 
17538 77 62 
17540 77 61 
17542 77 60 
17544 77 59 
17546 77 58 
17548 77 57 
17550 77 56 
17552 77 55 
17554 77 54 
17556 77 53 
17558 77 52 
17560 77 51 
17562 77 50 
17564 77 49 
17566 77 48 
17600 76 63 
17602 76 62 
17604 76 61 
17606 76 60 
17608 76 59 
17610 76 58 
17612 76 57 
17614 76 56 
17616 76 55 
17618 76 54 
17620 76 53 
17622 76 52 
17624 76 51 
17626 76 50 
17628 76 49 
17630 76 48 
17664 75 63 
17666 75 62 
17668 75 61 
17670 75 60 
17672 75 59 
17674 75 58 
17676 75 57 
17678 75 56 
17680 75 55 
17682 75 54 
17684 75 53 
17686 75 52 
17688 75 51 
17690 75 50 
17692 75 49 
17694 75 48 
17728 74 63 
17730 74 62 
17732 74 61 
17734 74 60 
17736 74 59 
17738 74 58 
17740 74 57 
17742 74 56 
17744 74 55 
17746 74 54 
17748 74 53 
17750 74 52 
17752 74 51 
17754 74 50 
17756 74 49 
17758 74 48 
17792 73 63 
17794 73 62 
17796 73 61 
17798 73 60 
17800 73 59 
17802 73 58 
17804 73 57 
17806 73 56 
17808 73 55 
17810 73 54 
17812 73 53 
17814 73 52 
17816 73 51 
17818 73 50 
17820 73 49 
17822 73 48 
17856 72 63 
17858 72 62 
17860 72 61 
17862 72 60 
17864 72 59 
17866 72 58 
17868 72 57 
17870 72 56 
17872 72 55 
17874 72 54 
17876 72 53 
17878 72 52 
17880 72 51 
17882 72 50 
17884 72 49 
17886 72 48 
17920 71 63 
17922 71 62 
17924 71 61 
17926 71 60 
17928 71 59 
17930 71 58 
17932 71 57 
17934 71 56 
17936 71 55 
17938 71 54 
17940 71 53 
17942 71 52 
17944 71 51 
17946 71 50 
17948 71 49 
17950 71 48 
17984 70 63 
17986 70 62 
17988 70 61 
17990 70 60 
17992 70 59 
17994 70 58 
17996 70 57 
17998 70 56 
18000 70 55 
18002 70 54 
18004 70 53 
18006 70 52 
18008 70 51 
18010 70 50 
18012 70 49 
18014 70 48 
18048 69 63 
18050 69 62 
18052 69 61 
18054 69 60 
18056 69 59 
18058 69 58 
18060 69 57 
18062 69 56 
18064 69 55 
18066 69 54 
18068 69 53 
18070 69 52 
18072 69 51 
18074 69 50 
18076 69 49 
18078 69 48 
18112 68 63 
18114 68 62 
18116 68 61 
18118 68 60 
18120 68 59 
18122 68 58 
18124 68 57 
18126 68 56 
18128 68 55 
18130 68 54 
18132 68 53 
18134 68 52 
18136 68 51 
18138 68 50 
18140 68 49 
18142 68 48 
18176 67 63 
18178 67 62 
18180 67 61 
18182 67 60 
18184 67 59 
18186 67 58 
18188 67 57 
18190 67 56 
18192 67 55 
18194 67 54 
18196 67 53 
18198 67 52 
18200 67 51 
18202 67 50 
18204 67 49 
18206 67 48 
18240 66 63 
18242 66 62 
18244 66 61 
18246 66 60 
18248 66 59 
18250 66 58 
18252 66 57 
18254 66 56 
18256 66 55 
18258 66 54 
18260 66 53 
18262 66 52 
18264 66 51 
18266 66 50 
18268 66 49 
18270 66 48 
18304 65 63 
18306 65 62 
18308 65 61 
18310 65 60 
18312 65 59 
18314 65 58 
18316 65 57 
18318 65 56 
18320 65 55 
18322 65 54 
18324 65 53 
18326 65 52 
18328 65 51 
18330 65 50 
18332 65 49 
18334 65 48 
18368 64 63 
18370 64 62 
18372 64 61 
18374 64 60 
18376 64 59 
18378 64 58 
18380 64 57 
18382 64 56 
18384 64 55 
18386 64 54 
18388 64 53 
18390 64 52 
18392 64 51 
18394 64 50 
18396 64 49 
18398 64 48 
18432 71 47 
18434 71 46 
18436 71 45 
18438 71 44 
18440 71 43 
18442 71 42 
18444 71 41 
18446 71 40 
18448 71 39 
18450 71 38 
18452 71 37 
18454 71 36 
18456 71 35 
18458 71 34 
18460 71 33 
18462 71 32 
18496 70 47 
18498 70 46 
18500 70 45 
18502 70 44 
18504 70 43 
18506 70 42 
18508 70 41 
18510 70 40 
18512 70 39 
18514 70 38 
18516 70 37 
18518 70 36 
18520 70 35 
18522 70 34 
18524 70 33 
18526 70 32 
18560 69 47 
18562 69 46 
18564 69 45 
18566 69 44 
18568 69 43 
18570 69 42 
18572 69 41 
18574 69 40 
18576 69 39 
18578 69 38 
18580 69 37 
18582 69 36 
18584 69 35 
18586 69 34 
18588 69 33 
18590 69 32 
18624 68 47 
18626 68 46 
18628 68 45 
18630 68 44 
18632 68 43 
18634 68 42 
18636 68 41 
18638 68 40 
18640 68 39 
18642 68 38 
18644 68 37 
18646 68 36 
18648 68 35 
18650 68 34 
18652 68 33 
18654 68 32 
18688 67 47 
18690 67 46 
18692 67 45 
18694 67 44 
18696 67 43 
18698 67 42 
18700 67 41 
18702 67 40 
18704 67 39 
18706 67 38 
18708 67 37 
18710 67 36 
18712 67 35 
18714 67 34 
18716 67 33 
18718 67 32 
18752 66 47 
18754 66 46 
18756 66 45 
18758 66 44 
18760 66 43 
18762 66 42 
18764 66 41 
18766 66 40 
18768 66 39 
18770 66 38 
18772 66 37 
18774 66 36 
18776 66 35 
18778 66 34 
18780 66 33 
18782 66 32 
18816 65 47 
18818 65 46 
18820 65 45 
18822 65 44 
18824 65 43 
18826 65 42 
18828 65 41 
18830 65 40 
18832 65 39 
18834 65 38 
18836 65 37 
18838 65 36 
18840 65 35 
18842 65 34 
18844 65 33 
18846 65 32 
18880 64 47 
18882 64 46 
18884 64 45 
18886 64 44 
18888 64 43 
18890 64 42 
18892 64 41 
18894 64 40 
18896 64 39 
18898 64 38 
18900 64 37 
18902 64 36 
18904 64 35 
18906 64 34 
18908 64 33 
18910 64 32 
18944 79 47 
18946 79 46 
18948 79 45 
18950 79 44 
18952 79 43 
18954 79 42 
18956 79 41 
18958 79 40 
18960 79 39 
18962 79 38 
18964 79 37 
18966 79 36 
18968 79 35 
18970 79 34 
18972 79 33 
18974 79 32 
19008 78 47 
19010 78 46 
19012 78 45 
19014 78 44 
19016 78 43 
19018 78 42 
19020 78 41 
19022 78 40 
19024 78 39 
19026 78 38 
19028 78 37 
19030 78 36 
19032 78 35 
19034 78 34 
19036 78 33 
19038 78 32 
19072 77 47 
19074 77 46 
19076 77 45 
19078 77 44 
19080 77 43 
19082 77 42 
19084 77 41 
19086 77 40 
19088 77 39 
19090 77 38 
19092 77 37 
19094 77 36 
19096 77 35 
19098 77 34 
19100 77 33 
19102 77 32 
19136 76 47 
19138 76 46 
19140 76 45 
19142 76 44 
19144 76 43 
19146 76 42 
19148 76 41 
19150 76 40 
19152 76 39 
19154 76 38 
19156 76 37 
19158 76 36 
19160 76 35 
19162 76 34 
19164 76 33 
19166 76 32 
19200 75 47 
19202 75 46 
19204 75 45 
19206 75 44 
19208 75 43 
19210 75 42 
19212 75 41 
19214 75 40 
19216 75 39 
19218 75 38 
19220 75 37 
19222 75 36 
19224 75 35 
19226 75 34 
19228 75 33 
19230 75 32 
19264 74 47 
19266 74 46 
19268 74 45 
19270 74 44 
19272 74 43 
19274 74 42 
19276 74 41 
19278 74 40 
19280 74 39 
19282 74 38 
19284 74 37 
19286 74 36 
19288 74 35 
19290 74 34 
19292 74 33 
19294 74 32 
19328 73 47 
19330 73 46 
19332 73 45 
19334 73 44 
19336 73 43 
19338 73 42 
19340 73 41 
19342 73 40 
19344 73 39 
19346 73 38 
19348 73 37 
19350 73 36 
19352 73 35 
19354 73 34 
19356 73 33 
19358 73 32 
19392 72 47 
19394 72 46 
19396 72 45 
19398 72 44 
19400 72 43 
19402 72 42 
19404 72 41 
19406 72 40 
19408 72 39 
19410 72 38 
19412 72 37 
19414 72 36 
19416 72 35 
19418 72 34 
19420 72 33 
19422 72 32 
19456 87 47 
19458 87 46 
19460 87 45 
19462 87 44 
19464 87 43 
19466 87 42 
19468 87 41 
19470 87 40 
19472 87 39 
19474 87 38 
19476 87 37 
19478 87 36 
19480 87 35 
19482 87 34 
19484 87 33 
19486 87 32 
19520 86 47 
19522 86 46 
19524 86 45 
19526 86 44 
19528 86 43 
19530 86 42 
19532 86 41 
19534 86 40 
19536 86 39 
19538 86 38 
19540 86 37 
19542 86 36 
19544 86 35 
19546 86 34 
19548 86 33 
19550 86 32 
19584 85 47 
19586 85 46 
19588 85 45 
19590 85 44 
19592 85 43 
19594 85 42 
19596 85 41 
19598 85 40 
19600 85 39 
19602 85 38 
19604 85 37 
19606 85 36 
19608 85 35 
19610 85 34 
19612 85 33 
19614 85 32 
19648 84 47 
19650 84 46 
19652 84 45 
19654 84 44 
19656 84 43 
19658 84 42 
19660 84 41 
19662 84 40 
19664 84 39 
19666 84 38 
19668 84 37 
19670 84 36 
19672 84 35 
19674 84 34 
19676 84 33 
19678 84 32 
19712 83 47 
19714 83 46 
19716 83 45 
19718 83 44 
19720 83 43 
19722 83 42 
19724 83 41 
19726 83 40 
19728 83 39 
19730 83 38 
19732 83 37 
19734 83 36 
19736 83 35 
19738 83 34 
19740 83 33 
19742 83 32 
19776 82 47 
19778 82 46 
19780 82 45 
19782 82 44 
19784 82 43 
19786 82 42 
19788 82 41 
19790 82 40 
19792 82 39 
19794 82 38 
19796 82 37 
19798 82 36 
19800 82 35 
19802 82 34 
19804 82 33 
19806 82 32 
19840 81 47 
19842 81 46 
19844 81 45 
19846 81 44 
19848 81 43 
19850 81 42 
19852 81 41 
19854 81 40 
19856 81 39 
19858 81 38 
19860 81 37 
19862 81 36 
19864 81 35 
19866 81 34 
19868 81 33 
19870 81 32 
19904 80 47 
19906 80 46 
19908 80 45 
19910 80 44 
19912 80 43 
19914 80 42 
19916 80 41 
19918 80 40 
19920 80 39 
19922 80 38 
19924 80 37 
19926 80 36 
19928 80 35 
19930 80 34 
19932 80 33 
19934 80 32 
19968 95 47 
19970 95 46 
19972 95 45 
19974 95 44 
19976 95 43 
19978 95 42 
19980 95 41 
19982 95 40 
19984 95 39 
19986 95 38 
19988 95 37 
19990 95 36 
19992 95 35 
19994 95 34 
19996 95 33 
19998 95 32 
20032 94 47 
20034 94 46 
20036 94 45 
20038 94 44 
20040 94 43 
20042 94 42 
20044 94 41 
20046 94 40 
20048 94 39 
20050 94 38 
20052 94 37 
20054 94 36 
20056 94 35 
20058 94 34 
20060 94 33 
20062 94 32 
20096 93 47 
20098 93 46 
20100 93 45 
20102 93 44 
20104 93 43 
20106 93 42 
20108 93 41 
20110 93 40 
20112 93 39 
20114 93 38 
20116 93 37 
20118 93 36 
20120 93 35 
20122 93 34 
20124 93 33 
20126 93 32 
20160 92 47 
20162 92 46 
20164 92 45 
20166 92 44 
20168 92 43 
20170 92 42 
20172 92 41 
20174 92 40 
20176 92 39 
20178 92 38 
20180 92 37 
20182 92 36 
20184 92 35 
20186 92 34 
20188 92 33 
20190 92 32 
20224 91 47 
20226 91 46 
20228 91 45 
20230 91 44 
20232 91 43 
20234 91 42 
20236 91 41 
20238 91 40 
20240 91 39 
20242 91 38 
20244 91 37 
20246 91 36 
20248 91 35 
20250 91 34 
20252 91 33 
20254 91 32 
20288 90 47 
20290 90 46 
20292 90 45 
20294 90 44 
20296 90 43 
20298 90 42 
20300 90 41 
20302 90 40 
20304 90 39 
20306 90 38 
20308 90 37 
20310 90 36 
20312 90 35 
20314 90 34 
20316 90 33 
20318 90 32 
20352 89 47 
20354 89 46 
20356 89 45 
20358 89 44 
20360 89 43 
20362 89 42 
20364 89 41 
20366 89 40 
20368 89 39 
20370 89 38 
20372 89 37 
20374 89 36 
20376 89 35 
20378 89 34 
20380 89 33 
20382 89 32 
20416 88 47 
20418 88 46 
20420 88 45 
20422 88 44 
20424 88 43 
20426 88 42 
20428 88 41 
20430 88 40 
20432 88 39 
20434 88 38 
20436 88 37 
20438 88 36 
20440 88 35 
20442 88 34 
20444 88 33 
20446 88 32 
20480 32 63 
20482 33 63 
20484 34 63 
20486 35 63 
20488 36 63 
20490 37 63 
20492 38 63 
20494 39 63 
20496 40 63 
20498 41 63 
20500 42 63 
20502 43 63 
20504 44 63 
20506 45 63 
20508 46 63 
20510 47 63 
20544 32 62 
20546 33 62 
20548 34 62 
20550 35 62 
20552 36 62 
20554 37 62 
20556 38 62 
20558 39 62 
20560 40 62 
20562 41 62 
20564 42 62 
20566 43 62 
20568 44 62 
20570 45 62 
20572 46 62 
20574 47 62 
20608 32 61 
20610 33 61 
20612 34 61 
20614 35 61 
20616 36 61 
20618 37 61 
20620 38 61 
20622 39 61 
20624 40 61 
20626 41 61 
20628 42 61 
20630 43 61 
20632 44 61 
20634 45 61 
20636 46 61 
20638 47 61 
20672 32 60 
20674 33 60 
20676 34 60 
20678 35 60 
20680 36 60 
20682 37 60 
20684 38 60 
20686 39 60 
20688 40 60 
20690 41 60 
20692 42 60 
20694 43 60 
20696 44 60 
20698 45 60 
20700 46 60 
20702 47 60 
20736 32 59 
20738 33 59 
20740 34 59 
20742 35 59 
20744 36 59 
20746 37 59 
20748 38 59 
20750 39 59 
20752 40 59 
20754 41 59 
20756 42 59 
20758 43 59 
20760 44 59 
20762 45 59 
20764 46 59 
20766 47 59 
20800 32 58 
20802 33 58 
20804 34 58 
20806 35 58 
20808 36 58 
20810 37 58 
20812 38 58 
20814 39 58 
20816 40 58 
20818 41 58 
20820 42 58 
20822 43 58 
20824 44 58 
20826 45 58 
20828 46 58 
20830 47 58 
20864 32 57 
20866 33 57 
20868 34 57 
20870 35 57 
20872 36 57 
20874 37 57 
20876 38 57 
20878 39 57 
20880 40 57 
20882 41 57 
20884 42 57 
20886 43 57 
20888 44 57 
20890 45 57 
20892 46 57 
20894 47 57 
20928 32 56 
20930 33 56 
20932 34 56 
20934 35 56 
20936 36 56 
20938 37 56 
20940 38 56 
20942 39 56 
20944 40 56 
20946 41 56 
20948 42 56 
20950 43 56 
20952 44 56 
20954 45 56 
20956 46 56 
20958 47 56 
20992 32 55 
20994 33 55 
20996 34 55 
20998 35 55 
21000 36 55 
21002 37 55 
21004 38 55 
21006 39 55 
21008 40 55 
21010 41 55 
21012 42 55 
21014 43 55 
21016 44 55 
21018 45 55 
21020 46 55 
21022 47 55 
21056 32 54 
21058 33 54 
21060 34 54 
21062 35 54 
21064 36 54 
21066 37 54 
21068 38 54 
21070 39 54 
21072 40 54 
21074 41 54 
21076 42 54 
21078 43 54 
21080 44 54 
21082 45 54 
21084 46 54 
21086 47 54 
21120 32 53 
21122 33 53 
21124 34 53 
21126 35 53 
21128 36 53 
21130 37 53 
21132 38 53 
21134 39 53 
21136 40 53 
21138 41 53 
21140 42 53 
21142 43 53 
21144 44 53 
21146 45 53 
21148 46 53 
21150 47 53 
21184 32 52 
21186 33 52 
21188 34 52 
21190 35 52 
21192 36 52 
21194 37 52 
21196 38 52 
21198 39 52 
21200 40 52 
21202 41 52 
21204 42 52 
21206 43 52 
21208 44 52 
21210 45 52 
21212 46 52 
21214 47 52 
21248 32 51 
21250 33 51 
21252 34 51 
21254 35 51 
21256 36 51 
21258 37 51 
21260 38 51 
21262 39 51 
21264 40 51 
21266 41 51 
21268 42 51 
21270 43 51 
21272 44 51 
21274 45 51 
21276 46 51 
21278 47 51 
21312 32 50 
21314 33 50 
21316 34 50 
21318 35 50 
21320 36 50 
21322 37 50 
21324 38 50 
21326 39 50 
21328 40 50 
21330 41 50 
21332 42 50 
21334 43 50 
21336 44 50 
21338 45 50 
21340 46 50 
21342 47 50 
21376 32 49 
21378 33 49 
21380 34 49 
21382 35 49 
21384 36 49 
21386 37 49 
21388 38 49 
21390 39 49 
21392 40 49 
21394 41 49 
21396 42 49 
21398 43 49 
21400 44 49 
21402 45 49 
21404 46 49 
21406 47 49 
21440 32 48 
21442 33 48 
21444 34 48 
21446 35 48 
21448 36 48 
21450 37 48 
21452 38 48 
21454 39 48 
21456 40 48 
21458 41 48 
21460 42 48 
21462 43 48 
21464 44 48 
21466 45 48 
21468 46 48 
21470 47 48 
21504 32 47 
21506 33 47 
21508 34 47 
21510 35 47 
21512 36 47 
21514 37 47 
21516 38 47 
21518 39 47 
21520 40 47 
21522 41 47 
21524 42 47 
21526 43 47 
21528 44 47 
21530 45 47 
21532 46 47 
21534 47 47 
21568 32 46 
21570 33 46 
21572 34 46 
21574 35 46 
21576 36 46 
21578 37 46 
21580 38 46 
21582 39 46 
21584 40 46 
21586 41 46 
21588 42 46 
21590 43 46 
21592 44 46 
21594 45 46 
21596 46 46 
21598 47 46 
21632 32 45 
21634 33 45 
21636 34 45 
21638 35 45 
21640 36 45 
21642 37 45 
21644 38 45 
21646 39 45 
21648 40 45 
21650 41 45 
21652 42 45 
21654 43 45 
21656 44 45 
21658 45 45 
21660 46 45 
21662 47 45 
21696 32 44 
21698 33 44 
21700 34 44 
21702 35 44 
21704 36 44 
21706 37 44 
21708 38 44 
21710 39 44 
21712 40 44 
21714 41 44 
21716 42 44 
21718 43 44 
21720 44 44 
21722 45 44 
21724 46 44 
21726 47 44 
21760 32 43 
21762 33 43 
21764 34 43 
21766 35 43 
21768 36 43 
21770 37 43 
21772 38 43 
21774 39 43 
21776 40 43 
21778 41 43 
21780 42 43 
21782 43 43 
21784 44 43 
21786 45 43 
21788 46 43 
21790 47 43 
21824 32 42 
21826 33 42 
21828 34 42 
21830 35 42 
21832 36 42 
21834 37 42 
21836 38 42 
21838 39 42 
21840 40 42 
21842 41 42 
21844 42 42 
21846 43 42 
21848 44 42 
21850 45 42 
21852 46 42 
21854 47 42 
21888 32 41 
21890 33 41 
21892 34 41 
21894 35 41 
21896 36 41 
21898 37 41 
21900 38 41 
21902 39 41 
21904 40 41 
21906 41 41 
21908 42 41 
21910 43 41 
21912 44 41 
21914 45 41 
21916 46 41 
21918 47 41 
21952 32 40 
21954 33 40 
21956 34 40 
21958 35 40 
21960 36 40 
21962 37 40 
21964 38 40 
21966 39 40 
21968 40 40 
21970 41 40 
21972 42 40 
21974 43 40 
21976 44 40 
21978 45 40 
21980 46 40 
21982 47 40 
22016 32 39 
22018 33 39 
22020 34 39 
22022 35 39 
22024 36 39 
22026 37 39 
22028 38 39 
22030 39 39 
22032 40 39 
22034 41 39 
22036 42 39 
22038 43 39 
22040 44 39 
22042 45 39 
22044 46 39 
22046 47 39 
22080 32 38 
22082 33 38 
22084 34 38 
22086 35 38 
22088 36 38 
22090 37 38 
22092 38 38 
22094 39 38 
22096 40 38 
22098 41 38 
22100 42 38 
22102 43 38 
22104 44 38 
22106 45 38 
22108 46 38 
22110 47 38 
22144 32 37 
22146 33 37 
22148 34 37 
22150 35 37 
22152 36 37 
22154 37 37 
22156 38 37 
22158 39 37 
22160 40 37 
22162 41 37 
22164 42 37 
22166 43 37 
22168 44 37 
22170 45 37 
22172 46 37 
22174 47 37 
22208 32 36 
22210 33 36 
22212 34 36 
22214 35 36 
22216 36 36 
22218 37 36 
22220 38 36 
22222 39 36 
22224 40 36 
22226 41 36 
22228 42 36 
22230 43 36 
22232 44 36 
22234 45 36 
22236 46 36 
22238 47 36 
22272 32 35 
22274 33 35 
22276 34 35 
22278 35 35 
22280 36 35 
22282 37 35 
22284 38 35 
22286 39 35 
22288 40 35 
22290 41 35 
22292 42 35 
22294 43 35 
22296 44 35 
22298 45 35 
22300 46 35 
22302 47 35 
22336 32 34 
22338 33 34 
22340 34 34 
22342 35 34 
22344 36 34 
22346 37 34 
22348 38 34 
22350 39 34 
22352 40 34 
22354 41 34 
22356 42 34 
22358 43 34 
22360 44 34 
22362 45 34 
22364 46 34 
22366 47 34 
22400 32 33 
22402 33 33 
22404 34 33 
22406 35 33 
22408 36 33 
22410 37 33 
22412 38 33 
22414 39 33 
22416 40 33 
22418 41 33 
22420 42 33 
22422 43 33 
22424 44 33 
22426 45 33 
22428 46 33 
22430 47 33 
22464 32 32 
22466 33 32 
22468 34 32 
22470 35 32 
22472 36 32 
22474 37 32 
22476 38 32 
22478 39 32 
22480 40 32 
22482 41 32 
22484 42 32 
22486 43 32 
22488 44 32 
22490 45 32 
22492 46 32 
22494 47 32 
22528 48 39 
22530 49 39 
22532 50 39 
22534 51 39 
22536 52 39 
22538 53 39 
22540 54 39 
22542 55 39 
22544 56 39 
22546 57 39 
22548 58 39 
22550 59 39 
22552 60 39 
22554 61 39 
22556 62 39 
22558 63 39 
22592 48 38 
22594 49 38 
22596 50 38 
22598 51 38 
22600 52 38 
22602 53 38 
22604 54 38 
22606 55 38 
22608 56 38 
22610 57 38 
22612 58 38 
22614 59 38 
22616 60 38 
22618 61 38 
22620 62 38 
22622 63 38 
22656 48 37 
22658 49 37 
22660 50 37 
22662 51 37 
22664 52 37 
22666 53 37 
22668 54 37 
22670 55 37 
22672 56 37 
22674 57 37 
22676 58 37 
22678 59 37 
22680 60 37 
22682 61 37 
22684 62 37 
22686 63 37 
22720 48 36 
22722 49 36 
22724 50 36 
22726 51 36 
22728 52 36 
22730 53 36 
22732 54 36 
22734 55 36 
22736 56 36 
22738 57 36 
22740 58 36 
22742 59 36 
22744 60 36 
22746 61 36 
22748 62 36 
22750 63 36 
22784 48 35 
22786 49 35 
22788 50 35 
22790 51 35 
22792 52 35 
22794 53 35 
22796 54 35 
22798 55 35 
22800 56 35 
22802 57 35 
22804 58 35 
22806 59 35 
22808 60 35 
22810 61 35 
22812 62 35 
22814 63 35 
22848 48 34 
22850 49 34 
22852 50 34 
22854 51 34 
22856 52 34 
22858 53 34 
22860 54 34 
22862 55 34 
22864 56 34 
22866 57 34 
22868 58 34 
22870 59 34 
22872 60 34 
22874 61 34 
22876 62 34 
22878 63 34 
22912 48 33 
22914 49 33 
22916 50 33 
22918 51 33 
22920 52 33 
22922 53 33 
22924 54 33 
22926 55 33 
22928 56 33 
22930 57 33 
22932 58 33 
22934 59 33 
22936 60 33 
22938 61 33 
22940 62 33 
22942 63 33 
22976 48 32 
22978 49 32 
22980 50 32 
22982 51 32 
22984 52 32 
22986 53 32 
22988 54 32 
22990 55 32 
22992 56 32 
22994 57 32 
22996 58 32 
22998 59 32 
23000 60 32 
23002 61 32 
23004 62 32 
23006 63 32 
23040 48 47 
23042 49 47 
23044 50 47 
23046 51 47 
23048 52 47 
23050 53 47 
23052 54 47 
23054 55 47 
23056 56 47 
23058 57 47 
23060 58 47 
23062 59 47 
23064 60 47 
23066 61 47 
23068 62 47 
23070 63 47 
23104 48 46 
23106 49 46 
23108 50 46 
23110 51 46 
23112 52 46 
23114 53 46 
23116 54 46 
23118 55 46 
23120 56 46 
23122 57 46 
23124 58 46 
23126 59 46 
23128 60 46 
23130 61 46 
23132 62 46 
23134 63 46 
23168 48 45 
23170 49 45 
23172 50 45 
23174 51 45 
23176 52 45 
23178 53 45 
23180 54 45 
23182 55 45 
23184 56 45 
23186 57 45 
23188 58 45 
23190 59 45 
23192 60 45 
23194 61 45 
23196 62 45 
23198 63 45 
23232 48 44 
23234 49 44 
23236 50 44 
23238 51 44 
23240 52 44 
23242 53 44 
23244 54 44 
23246 55 44 
23248 56 44 
23250 57 44 
23252 58 44 
23254 59 44 
23256 60 44 
23258 61 44 
23260 62 44 
23262 63 44 
23296 48 43 
23298 49 43 
23300 50 43 
23302 51 43 
23304 52 43 
23306 53 43 
23308 54 43 
23310 55 43 
23312 56 43 
23314 57 43 
23316 58 43 
23318 59 43 
23320 60 43 
23322 61 43 
23324 62 43 
23326 63 43 
23360 48 42 
23362 49 42 
23364 50 42 
23366 51 42 
23368 52 42 
23370 53 42 
23372 54 42 
23374 55 42 
23376 56 42 
23378 57 42 
23380 58 42 
23382 59 42 
23384 60 42 
23386 61 42 
23388 62 42 
23390 63 42 
23424 48 41 
23426 49 41 
23428 50 41 
23430 51 41 
23432 52 41 
23434 53 41 
23436 54 41 
23438 55 41 
23440 56 41 
23442 57 41 
23444 58 41 
23446 59 41 
23448 60 41 
23450 61 41 
23452 62 41 
23454 63 41 
23488 48 40 
23490 49 40 
23492 50 40 
23494 51 40 
23496 52 40 
23498 53 40 
23500 54 40 
23502 55 40 
23504 56 40 
23506 57 40 
23508 58 40 
23510 59 40 
23512 60 40 
23514 61 40 
23516 62 40 
23518 63 40 
23552 48 55 
23554 49 55 
23556 50 55 
23558 51 55 
23560 52 55 
23562 53 55 
23564 54 55 
23566 55 55 
23568 56 55 
23570 57 55 
23572 58 55 
23574 59 55 
23576 60 55 
23578 61 55 
23580 62 55 
23582 63 55 
23616 48 54 
23618 49 54 
23620 50 54 
23622 51 54 
23624 52 54 
23626 53 54 
23628 54 54 
23630 55 54 
23632 56 54 
23634 57 54 
23636 58 54 
23638 59 54 
23640 60 54 
23642 61 54 
23644 62 54 
23646 63 54 
23680 48 53 
23682 49 53 
23684 50 53 
23686 51 53 
23688 52 53 
23690 53 53 
23692 54 53 
23694 55 53 
23696 56 53 
23698 57 53 
23700 58 53 
23702 59 53 
23704 60 53 
23706 61 53 
23708 62 53 
23710 63 53 
23744 48 52 
23746 49 52 
23748 50 52 
23750 51 52 
23752 52 52 
23754 53 52 
23756 54 52 
23758 55 52 
23760 56 52 
23762 57 52 
23764 58 52 
23766 59 52 
23768 60 52 
23770 61 52 
23772 62 52 
23774 63 52 
23808 48 51 
23810 49 51 
23812 50 51 
23814 51 51 
23816 52 51 
23818 53 51 
23820 54 51 
23822 55 51 
23824 56 51 
23826 57 51 
23828 58 51 
23830 59 51 
23832 60 51 
23834 61 51 
23836 62 51 
23838 63 51 
23872 48 50 
23874 49 50 
23876 50 50 
23878 51 50 
23880 52 50 
23882 53 50 
23884 54 50 
23886 55 50 
23888 56 50 
23890 57 50 
23892 58 50 
23894 59 50 
23896 60 50 
23898 61 50 
23900 62 50 
23902 63 50 
23936 48 49 
23938 49 49 
23940 50 49 
23942 51 49 
23944 52 49 
23946 53 49 
23948 54 49 
23950 55 49 
23952 56 49 
23954 57 49 
23956 58 49 
23958 59 49 
23960 60 49 
23962 61 49 
23964 62 49 
23966 63 49 
24000 48 48 
24002 49 48 
24004 50 48 
24006 51 48 
24008 52 48 
24010 53 48 
24012 54 48 
24014 55 48 
24016 56 48 
24018 57 48 
24020 58 48 
24022 59 48 
24024 60 48 
24026 61 48 
24028 62 48 
24030 63 48 
24064 48 63 
24066 49 63 
24068 50 63 
24070 51 63 
24072 52 63 
24074 53 63 
24076 54 63 
24078 55 63 
24080 56 63 
24082 57 63 
24084 58 63 
24086 59 63 
24088 60 63 
24090 61 63 
24092 62 63 
24094 63 63 
24128 48 62 
24130 49 62 
24132 50 62 
24134 51 62 
24136 52 62 
24138 53 62 
24140 54 62 
24142 55 62 
24144 56 62 
24146 57 62 
24148 58 62 
24150 59 62 
24152 60 62 
24154 61 62 
24156 62 62 
24158 63 62 
24192 48 61 
24194 49 61 
24196 50 61 
24198 51 61 
24200 52 61 
24202 53 61 
24204 54 61 
24206 55 61 
24208 56 61 
24210 57 61 
24212 58 61 
24214 59 61 
24216 60 61 
24218 61 61 
24220 62 61 
24222 63 61 
24256 48 60 
24258 49 60 
24260 50 60 
24262 51 60 
24264 52 60 
24266 53 60 
24268 54 60 
24270 55 60 
24272 56 60 
24274 57 60 
24276 58 60 
24278 59 60 
24280 60 60 
24282 61 60 
24284 62 60 
24286 63 60 
24320 48 59 
24322 49 59 
24324 50 59 
24326 51 59 
24328 52 59 
24330 53 59 
24332 54 59 
24334 55 59 
24336 56 59 
24338 57 59 
24340 58 59 
24342 59 59 
24344 60 59 
24346 61 59 
24348 62 59 
24350 63 59 
24384 48 58 
24386 49 58 
24388 50 58 
24390 51 58 
24392 52 58 
24394 53 58 
24396 54 58 
24398 55 58 
24400 56 58 
24402 57 58 
24404 58 58 
24406 59 58 
24408 60 58 
24410 61 58 
24412 62 58 
24414 63 58 
24448 48 57 
24450 49 57 
24452 50 57 
24454 51 57 
24456 52 57 
24458 53 57 
24460 54 57 
24462 55 57 
24464 56 57 
24466 57 57 
24468 58 57 
24470 59 57 
24472 60 57 
24474 61 57 
24476 62 57 
24478 63 57 
24512 48 56 
24514 49 56 
24516 50 56 
24518 51 56 
24520 52 56 
24522 53 56 
24524 54 56 
24526 55 56 
24528 56 56 
24530 57 56 
24532 58 56 
24534 59 56 
24536 60 56 
24538 61 56 
24540 62 56 
24542 63 56 
