4096 3000 4 4 32 32 64 48 1536
0 16 47 
4 17 47 
8 18 47 
12 19 47 
16 20 47 
20 21 47 
24 22 47 
28 23 47 
128 16 46 
132 17 46 
136 18 46 
140 19 46 
144 20 46 
148 21 46 
152 22 46 
156 23 46 
256 16 45 
260 17 45 
264 18 45 
268 19 45 
272 20 45 
276 21 45 
280 22 45 
284 23 45 
384 16 44 
388 17 44 
392 18 44 
396 19 44 
400 20 44 
404 21 44 
408 22 44 
412 23 44 
512 16 43 
516 17 43 
520 18 43 
524 19 43 
528 20 43 
532 21 43 
536 22 43 
540 23 43 
640 16 42 
644 17 42 
648 18 42 
652 19 42 
656 20 42 
660 21 42 
664 22 42 
668 23 42 
768 16 41 
772 17 41 
776 18 41 
780 19 41 
784 20 41 
788 21 41 
792 22 41 
796 23 41 
896 16 40 
900 17 40 
904 18 40 
908 19 40 
912 20 40 
916 21 40 
920 22 40 
924 23 40 
1024 16 39 
1028 17 39 
1032 18 39 
1036 19 39 
1040 20 39 
1044 21 39 
1048 22 39 
1052 23 39 
1152 16 38 
1156 17 38 
1160 18 38 
1164 19 38 
1168 20 38 
1172 21 38 
1176 22 38 
1180 23 38 
1280 16 37 
1284 17 37 
1288 18 37 
1292 19 37 
1296 20 37 
1300 21 37 
1304 22 37 
1308 23 37 
1408 16 36 
1412 17 36 
1416 18 36 
1420 19 36 
1424 20 36 
1428 21 36 
1432 22 36 
1436 23 36 
1536 16 35 
1540 17 35 
1544 18 35 
1548 19 35 
1552 20 35 
1556 21 35 
1560 22 35 
1564 23 35 
1664 16 34 
1668 17 34 
1672 18 34 
1676 19 34 
1680 20 34 
1684 21 34 
1688 22 34 
1692 23 34 
1792 16 33 
1796 17 33 
1800 18 33 
1804 19 33 
1808 20 33 
1812 21 33 
1816 22 33 
1820 23 33 
1920 16 32 
1924 17 32 
1928 18 32 
1932 19 32 
1936 20 32 
1940 21 32 
1944 22 32 
1948 23 32 
2048 24 35 
2052 25 35 
2056 26 35 
2060 27 35 
2064 28 35 
2068 29 35 
2072 30 35 
2076 31 35 
2176 24 34 
2180 25 34 
2184 26 34 
2188 27 34 
2192 28 34 
2196 29 34 
2200 30 34 
2204 31 34 
2304 24 33 
2308 25 33 
2312 26 33 
2316 27 33 
2320 28 33 
2324 29 33 
2328 30 33 
2332 31 33 
2432 24 32 
2436 25 32 
2440 26 32 
2444 27 32 
2448 28 32 
2452 29 32 
2456 30 32 
2460 31 32 
2560 24 39 
2564 25 39 
2568 26 39 
2572 27 39 
2576 28 39 
2580 29 39 
2584 30 39 
2588 31 39 
2688 24 38 
2692 25 38 
2696 26 38 
2700 27 38 
2704 28 38 
2708 29 38 
2712 30 38 
2716 31 38 
2816 24 37 
2820 25 37 
2824 26 37 
2828 27 37 
2832 28 37 
2836 29 37 
2840 30 37 
2844 31 37 
2944 24 36 
2948 25 36 
2952 26 36 
2956 27 36 
2960 28 36 
2964 29 36 
2968 30 36 
2972 31 36 
3072 24 43 
3076 25 43 
3080 26 43 
3084 27 43 
3088 28 43 
3092 29 43 
3096 30 43 
3100 31 43 
3200 24 42 
3204 25 42 
3208 26 42 
3212 27 42 
3216 28 42 
3220 29 42 
3224 30 42 
3228 31 42 
3328 24 41 
3332 25 41 
3336 26 41 
3340 27 41 
3344 28 41 
3348 29 41 
3352 30 41 
3356 31 41 
3456 24 40 
3460 25 40 
3464 26 40 
3468 27 40 
3472 28 40 
3476 29 40 
3480 30 40 
3484 31 40 
3584 24 47 
3588 25 47 
3592 26 47 
3596 27 47 
3600 28 47 
3604 29 47 
3608 30 47 
3612 31 47 
3712 24 46 
3716 25 46 
3720 26 46 
3724 27 46 
3728 28 46 
3732 29 46 
3736 30 46 
3740 31 46 
3840 24 45 
3844 25 45 
3848 26 45 
3852 27 45 
3856 28 45 
3860 29 45 
3864 30 45 
3868 31 45 
3968 24 44 
3972 25 44 
3976 26 44 
3980 27 44 
3984 28 44 
3988 29 44 
3992 30 44 
3996 31 44 
4096 0 16 
4100 0 17 
4104 0 18 
4108 0 19 
4112 0 20 
4116 0 21 
4120 0 22 
4124 0 23 
4224 1 16 
4228 1 17 
4232 1 18 
4236 1 19 
4240 1 20 
4244 1 21 
4248 1 22 
4252 1 23 
4352 2 16 
4356 2 17 
4360 2 18 
4364 2 19 
4368 2 20 
4372 2 21 
4376 2 22 
4380 2 23 
4480 3 16 
4484 3 17 
4488 3 18 
4492 3 19 
4496 3 20 
4500 3 21 
4504 3 22 
4508 3 23 
4608 4 16 
4612 4 17 
4616 4 18 
4620 4 19 
4624 4 20 
4628 4 21 
4632 4 22 
4636 4 23 
4736 5 16 
4740 5 17 
4744 5 18 
4748 5 19 
4752 5 20 
4756 5 21 
4760 5 22 
4764 5 23 
4864 6 16 
4868 6 17 
4872 6 18 
4876 6 19 
4880 6 20 
4884 6 21 
4888 6 22 
4892 6 23 
4992 7 16 
4996 7 17 
5000 7 18 
5004 7 19 
5008 7 20 
5012 7 21 
5016 7 22 
5020 7 23 
5120 8 16 
5124 8 17 
5128 8 18 
5132 8 19 
5136 8 20 
5140 8 21 
5144 8 22 
5148 8 23 
5248 9 16 
5252 9 17 
5256 9 18 
5260 9 19 
5264 9 20 
5268 9 21 
5272 9 22 
5276 9 23 
5376 10 16 
5380 10 17 
5384 10 18 
5388 10 19 
5392 10 20 
5396 10 21 
5400 10 22 
5404 10 23 
5504 11 16 
5508 11 17 
5512 11 18 
5516 11 19 
5520 11 20 
5524 11 21 
5528 11 22 
5532 11 23 
5632 12 16 
5636 12 17 
5640 12 18 
5644 12 19 
5648 12 20 
5652 12 21 
5656 12 22 
5660 12 23 
5760 13 16 
5764 13 17 
5768 13 18 
5772 13 19 
5776 13 20 
5780 13 21 
5784 13 22 
5788 13 23 
5888 14 16 
5892 14 17 
5896 14 18 
5900 14 19 
5904 14 20 
5908 14 21 
5912 14 22 
5916 14 23 
6016 15 16 
6020 15 17 
6024 15 18 
6028 15 19 
6032 15 20 
6036 15 21 
6040 15 22 
6044 15 23 
6144 12 24 
6148 12 25 
6152 12 26 
6156 12 27 
6160 12 28 
6164 12 29 
6168 12 30 
6172 12 31 
6272 13 24 
6276 13 25 
6280 13 26 
6284 13 27 
6288 13 28 
6292 13 29 
6296 13 30 
6300 13 31 
6400 14 24 
6404 14 25 
6408 14 26 
6412 14 27 
6416 14 28 
6420 14 29 
6424 14 30 
6428 14 31 
6528 15 24 
6532 15 25 
6536 15 26 
6540 15 27 
6544 15 28 
6548 15 29 
6552 15 30 
6556 15 31 
6656 8 24 
6660 8 25 
6664 8 26 
6668 8 27 
6672 8 28 
6676 8 29 
6680 8 30 
6684 8 31 
6784 9 24 
6788 9 25 
6792 9 26 
6796 9 27 
6800 9 28 
6804 9 29 
6808 9 30 
6812 9 31 
6912 10 24 
6916 10 25 
6920 10 26 
6924 10 27 
6928 10 28 
6932 10 29 
6936 10 30 
6940 10 31 
7040 11 24 
7044 11 25 
7048 11 26 
7052 11 27 
7056 11 28 
7060 11 29 
7064 11 30 
7068 11 31 
7168 4 24 
7172 4 25 
7176 4 26 
7180 4 27 
7184 4 28 
7188 4 29 
7192 4 30 
7196 4 31 
7296 5 24 
7300 5 25 
7304 5 26 
7308 5 27 
7312 5 28 
7316 5 29 
7320 5 30 
7324 5 31 
7424 6 24 
7428 6 25 
7432 6 26 
7436 6 27 
7440 6 28 
7444 6 29 
7448 6 30 
7452 6 31 
7552 7 24 
7556 7 25 
7560 7 26 
7564 7 27 
7568 7 28 
7572 7 29 
7576 7 30 
7580 7 31 
7680 0 24 
7684 0 25 
7688 0 26 
7692 0 27 
7696 0 28 
7700 0 29 
7704 0 30 
7708 0 31 
7808 1 24 
7812 1 25 
7816 1 26 
7820 1 27 
7824 1 28 
7828 1 29 
7832 1 30 
7836 1 31 
7936 2 24 
7940 2 25 
7944 2 26 
7948 2 27 
7952 2 28 
7956 2 29 
7960 2 30 
7964 2 31 
8064 3 24 
8068 3 25 
8072 3 26 
8076 3 27 
8080 3 28 
8084 3 29 
8088 3 30 
8092 3 31 
8192 31 0 
8196 30 0 
8200 29 0 
8204 28 0 
8208 27 0 
8212 26 0 
8216 25 0 
8220 24 0 
8320 31 1 
8324 30 1 
8328 29 1 
8332 28 1 
8336 27 1 
8340 26 1 
8344 25 1 
8348 24 1 
8448 31 2 
8452 30 2 
8456 29 2 
8460 28 2 
8464 27 2 
8468 26 2 
8472 25 2 
8476 24 2 
8576 31 3 
8580 30 3 
8584 29 3 
8588 28 3 
8592 27 3 
8596 26 3 
8600 25 3 
8604 24 3 
8704 31 4 
8708 30 4 
8712 29 4 
8716 28 4 
8720 27 4 
8724 26 4 
8728 25 4 
8732 24 4 
8832 31 5 
8836 30 5 
8840 29 5 
8844 28 5 
8848 27 5 
8852 26 5 
8856 25 5 
8860 24 5 
8960 31 6 
8964 30 6 
8968 29 6 
8972 28 6 
8976 27 6 
8980 26 6 
8984 25 6 
8988 24 6 
9088 31 7 
9092 30 7 
9096 29 7 
9100 28 7 
9104 27 7 
9108 26 7 
9112 25 7 
9116 24 7 
9216 31 8 
9220 30 8 
9224 29 8 
9228 28 8 
9232 27 8 
9236 26 8 
9240 25 8 
9244 24 8 
9344 31 9 
9348 30 9 
9352 29 9 
9356 28 9 
9360 27 9 
9364 26 9 
9368 25 9 
9372 24 9 
9472 31 10 
9476 30 10 
9480 29 10 
9484 28 10 
9488 27 10 
9492 26 10 
9496 25 10 
9500 24 10 
9600 31 11 
9604 30 11 
9608 29 11 
9612 28 11 
9616 27 11 
9620 26 11 
9624 25 11 
9628 24 11 
9728 31 12 
9732 30 12 
9736 29 12 
9740 28 12 
9744 27 12 
9748 26 12 
9752 25 12 
9756 24 12 
9856 31 13 
9860 30 13 
9864 29 13 
9868 28 13 
9872 27 13 
9876 26 13 
9880 25 13 
9884 24 13 
9984 31 14 
9988 30 14 
9992 29 14 
9996 28 14 
10000 27 14 
10004 26 14 
10008 25 14 
10012 24 14 
10112 31 15 
10116 30 15 
10120 29 15 
10124 28 15 
10128 27 15 
10132 26 15 
10136 25 15 
10140 24 15 
10240 23 12 
10244 22 12 
10248 21 12 
10252 20 12 
10256 19 12 
10260 18 12 
10264 17 12 
10268 16 12 
10368 23 13 
10372 22 13 
10376 21 13 
10380 20 13 
10384 19 13 
10388 18 13 
10392 17 13 
10396 16 13 
10496 23 14 
10500 22 14 
10504 21 14 
10508 20 14 
10512 19 14 
10516 18 14 
10520 17 14 
10524 16 14 
10624 23 15 
10628 22 15 
10632 21 15 
10636 20 15 
10640 19 15 
10644 18 15 
10648 17 15 
10652 16 15 
10752 23 8 
10756 22 8 
10760 21 8 
10764 20 8 
10768 19 8 
10772 18 8 
10776 17 8 
10780 16 8 
10880 23 9 
10884 22 9 
10888 21 9 
10892 20 9 
10896 19 9 
10900 18 9 
10904 17 9 
10908 16 9 
11008 23 10 
11012 22 10 
11016 21 10 
11020 20 10 
11024 19 10 
11028 18 10 
11032 17 10 
11036 16 10 
11136 23 11 
11140 22 11 
11144 21 11 
11148 20 11 
11152 19 11 
11156 18 11 
11160 17 11 
11164 16 11 
11264 23 4 
11268 22 4 
11272 21 4 
11276 20 4 
11280 19 4 
11284 18 4 
11288 17 4 
11292 16 4 
11392 23 5 
11396 22 5 
11400 21 5 
11404 20 5 
11408 19 5 
11412 18 5 
11416 17 5 
11420 16 5 
11520 23 6 
11524 22 6 
11528 21 6 
11532 20 6 
11536 19 6 
11540 18 6 
11544 17 6 
11548 16 6 
11648 23 7 
11652 22 7 
11656 21 7 
11660 20 7 
11664 19 7 
11668 18 7 
11672 17 7 
11676 16 7 
11776 23 0 
11780 22 0 
11784 21 0 
11788 20 0 
11792 19 0 
11796 18 0 
11800 17 0 
11804 16 0 
11904 23 1 
11908 22 1 
11912 21 1 
11916 20 1 
11920 19 1 
11924 18 1 
11928 17 1 
11932 16 1 
12032 23 2 
12036 22 2 
12040 21 2 
12044 20 2 
12048 19 2 
12052 18 2 
12056 17 2 
12060 16 2 
12160 23 3 
12164 22 3 
12168 21 3 
12172 20 3 
12176 19 3 
12180 18 3 
12184 17 3 
12188 16 3 
12288 63 31 
12292 63 30 
12296 63 29 
12300 63 28 
12304 63 27 
12308 63 26 
12312 63 25 
12316 63 24 
12416 62 31 
12420 62 30 
12424 62 29 
12428 62 28 
12432 62 27 
12436 62 26 
12440 62 25 
12444 62 24 
12544 61 31 
12548 61 30 
12552 61 29 
12556 61 28 
12560 61 27 
12564 61 26 
12568 61 25 
12572 61 24 
12672 60 31 
12676 60 30 
12680 60 29 
12684 60 28 
12688 60 27 
12692 60 26 
12696 60 25 
12700 60 24 
12800 59 31 
12804 59 30 
12808 59 29 
12812 59 28 
12816 59 27 
12820 59 26 
12824 59 25 
12828 59 24 
12928 58 31 
12932 58 30 
12936 58 29 
12940 58 28 
12944 58 27 
12948 58 26 
12952 58 25 
12956 58 24 
13056 57 31 
13060 57 30 
13064 57 29 
13068 57 28 
13072 57 27 
13076 57 26 
13080 57 25 
13084 57 24 
13184 56 31 
13188 56 30 
13192 56 29 
13196 56 28 
13200 56 27 
13204 56 26 
13208 56 25 
13212 56 24 
13312 55 31 
13316 55 30 
13320 55 29 
13324 55 28 
13328 55 27 
13332 55 26 
13336 55 25 
13340 55 24 
13440 54 31 
13444 54 30 
13448 54 29 
13452 54 28 
13456 54 27 
13460 54 26 
13464 54 25 
13468 54 24 
13568 53 31 
13572 53 30 
13576 53 29 
13580 53 28 
13584 53 27 
13588 53 26 
13592 53 25 
13596 53 24 
13696 52 31 
13700 52 30 
13704 52 29 
13708 52 28 
13712 52 27 
13716 52 26 
13720 52 25 
13724 52 24 
13824 51 31 
13828 51 30 
13832 51 29 
13836 51 28 
13840 51 27 
13844 51 26 
13848 51 25 
13852 51 24 
13952 50 31 
13956 50 30 
13960 50 29 
13964 50 28 
13968 50 27 
13972 50 26 
13976 50 25 
13980 50 24 
14080 49 31 
14084 49 30 
14088 49 29 
14092 49 28 
14096 49 27 
14100 49 26 
14104 49 25 
14108 49 24 
14208 48 31 
14212 48 30 
14216 48 29 
14220 48 28 
14224 48 27 
14228 48 26 
14232 48 25 
14236 48 24 
14336 51 23 
14340 51 22 
14344 51 21 
14348 51 20 
14352 51 19 
14356 51 18 
14360 51 17 
14364 51 16 
14464 50 23 
14468 50 22 
14472 50 21 
14476 50 20 
14480 50 19 
14484 50 18 
14488 50 17 
14492 50 16 
14592 49 23 
14596 49 22 
14600 49 21 
14604 49 20 
14608 49 19 
14612 49 18 
14616 49 17 
14620 49 16 
14720 48 23 
14724 48 22 
14728 48 21 
14732 48 20 
14736 48 19 
14740 48 18 
14744 48 17 
14748 48 16 
14848 55 23 
14852 55 22 
14856 55 21 
14860 55 20 
14864 55 19 
14868 55 18 
14872 55 17 
14876 55 16 
14976 54 23 
14980 54 22 
14984 54 21 
14988 54 20 
14992 54 19 
14996 54 18 
15000 54 17 
15004 54 16 
15104 53 23 
15108 53 22 
15112 53 21 
15116 53 20 
15120 53 19 
15124 53 18 
15128 53 17 
15132 53 16 
15232 52 23 
15236 52 22 
15240 52 21 
15244 52 20 
15248 52 19 
15252 52 18 
15256 52 17 
15260 52 16 
15360 59 23 
15364 59 22 
15368 59 21 
15372 59 20 
15376 59 19 
15380 59 18 
15384 59 17 
15388 59 16 
15488 58 23 
15492 58 22 
15496 58 21 
15500 58 20 
15504 58 19 
15508 58 18 
15512 58 17 
15516 58 16 
15616 57 23 
15620 57 22 
15624 57 21 
15628 57 20 
15632 57 19 
15636 57 18 
15640 57 17 
15644 57 16 
15744 56 23 
15748 56 22 
15752 56 21 
15756 56 20 
15760 56 19 
15764 56 18 
15768 56 17 
15772 56 16 
15872 63 23 
15876 63 22 
15880 63 21 
15884 63 20 
15888 63 19 
15892 63 18 
15896 63 17 
15900 63 16 
16000 62 23 
16004 62 22 
16008 62 21 
16012 62 20 
16016 62 19 
16020 62 18 
16024 62 17 
16028 62 16 
16128 61 23 
16132 61 22 
16136 61 21 
16140 61 20 
16144 61 19 
16148 61 18 
16152 61 17 
16156 61 16 
16256 60 23 
16260 60 22 
16264 60 21 
16268 60 20 
16272 60 19 
16276 60 18 
16280 60 17 
16284 60 16 
16384 47 31 
16388 47 30 
16392 47 29 
16396 47 28 
16400 47 27 
16404 47 26 
16408 47 25 
16412 47 24 
16512 46 31 
16516 46 30 
16520 46 29 
16524 46 28 
16528 46 27 
16532 46 26 
16536 46 25 
16540 46 24 
16640 45 31 
16644 45 30 
16648 45 29 
16652 45 28 
16656 45 27 
16660 45 26 
16664 45 25 
16668 45 24 
16768 44 31 
16772 44 30 
16776 44 29 
16780 44 28 
16784 44 27 
16788 44 26 
16792 44 25 
16796 44 24 
16896 43 31 
16900 43 30 
16904 43 29 
16908 43 28 
16912 43 27 
16916 43 26 
16920 43 25 
16924 43 24 
17024 42 31 
17028 42 30 
17032 42 29 
17036 42 28 
17040 42 27 
17044 42 26 
17048 42 25 
17052 42 24 
17152 41 31 
17156 41 30 
17160 41 29 
17164 41 28 
17168 41 27 
17172 41 26 
17176 41 25 
17180 41 24 
17280 40 31 
17284 40 30 
17288 40 29 
17292 40 28 
17296 40 27 
17300 40 26 
17304 40 25 
17308 40 24 
17408 39 31 
17412 39 30 
17416 39 29 
17420 39 28 
17424 39 27 
17428 39 26 
17432 39 25 
17436 39 24 
17536 38 31 
17540 38 30 
17544 38 29 
17548 38 28 
17552 38 27 
17556 38 26 
17560 38 25 
17564 38 24 
17664 37 31 
17668 37 30 
17672 37 29 
17676 37 28 
17680 37 27 
17684 37 26 
17688 37 25 
17692 37 24 
17792 36 31 
17796 36 30 
17800 36 29 
17804 36 28 
17808 36 27 
17812 36 26 
17816 36 25 
17820 36 24 
17920 35 31 
17924 35 30 
17928 35 29 
17932 35 28 
17936 35 27 
17940 35 26 
17944 35 25 
17948 35 24 
18048 34 31 
18052 34 30 
18056 34 29 
18060 34 28 
18064 34 27 
18068 34 26 
18072 34 25 
18076 34 24 
18176 33 31 
18180 33 30 
18184 33 29 
18188 33 28 
18192 33 27 
18196 33 26 
18200 33 25 
18204 33 24 
18304 32 31 
18308 32 30 
18312 32 29 
18316 32 28 
18320 32 27 
18324 32 26 
18328 32 25 
18332 32 24 
18432 35 23 
18436 35 22 
18440 35 21 
18444 35 20 
18448 35 19 
18452 35 18 
18456 35 17 
18460 35 16 
18560 34 23 
18564 34 22 
18568 34 21 
18572 34 20 
18576 34 19 
18580 34 18 
18584 34 17 
18588 34 16 
18688 33 23 
18692 33 22 
18696 33 21 
18700 33 20 
18704 33 19 
18708 33 18 
18712 33 17 
18716 33 16 
18816 32 23 
18820 32 22 
18824 32 21 
18828 32 20 
18832 32 19 
18836 32 18 
18840 32 17 
18844 32 16 
18944 39 23 
18948 39 22 
18952 39 21 
18956 39 20 
18960 39 19 
18964 39 18 
18968 39 17 
18972 39 16 
19072 38 23 
19076 38 22 
19080 38 21 
19084 38 20 
19088 38 19 
19092 38 18 
19096 38 17 
19100 38 16 
19200 37 23 
19204 37 22 
19208 37 21 
19212 37 20 
19216 37 19 
19220 37 18 
19224 37 17 
19228 37 16 
19328 36 23 
19332 36 22 
19336 36 21 
19340 36 20 
19344 36 19 
19348 36 18 
19352 36 17 
19356 36 16 
19456 43 23 
19460 43 22 
19464 43 21 
19468 43 20 
19472 43 19 
19476 43 18 
19480 43 17 
19484 43 16 
19584 42 23 
19588 42 22 
19592 42 21 
19596 42 20 
19600 42 19 
19604 42 18 
19608 42 17 
19612 42 16 
19712 41 23 
19716 41 22 
19720 41 21 
19724 41 20 
19728 41 19 
19732 41 18 
19736 41 17 
19740 41 16 
19840 40 23 
19844 40 22 
19848 40 21 
19852 40 20 
19856 40 19 
19860 40 18 
19864 40 17 
19868 40 16 
19968 47 23 
19972 47 22 
19976 47 21 
19980 47 20 
19984 47 19 
19988 47 18 
19992 47 17 
19996 47 16 
20096 46 23 
20100 46 22 
20104 46 21 
20108 46 20 
20112 46 19 
20116 46 18 
20120 46 17 
20124 46 16 
20224 45 23 
20228 45 22 
20232 45 21 
20236 45 20 
20240 45 19 
20244 45 18 
20248 45 17 
20252 45 16 
20352 44 23 
20356 44 22 
20360 44 21 
20364 44 20 
20368 44 19 
20372 44 18 
20376 44 17 
20380 44 16 
20480 16 31 
20484 17 31 
20488 18 31 
20492 19 31 
20496 20 31 
20500 21 31 
20504 22 31 
20508 23 31 
20608 16 30 
20612 17 30 
20616 18 30 
20620 19 30 
20624 20 30 
20628 21 30 
20632 22 30 
20636 23 30 
20736 16 29 
20740 17 29 
20744 18 29 
20748 19 29 
20752 20 29 
20756 21 29 
20760 22 29 
20764 23 29 
20864 16 28 
20868 17 28 
20872 18 28 
20876 19 28 
20880 20 28 
20884 21 28 
20888 22 28 
20892 23 28 
20992 16 27 
20996 17 27 
21000 18 27 
21004 19 27 
21008 20 27 
21012 21 27 
21016 22 27 
21020 23 27 
21120 16 26 
21124 17 26 
21128 18 26 
21132 19 26 
21136 20 26 
21140 21 26 
21144 22 26 
21148 23 26 
21248 16 25 
21252 17 25 
21256 18 25 
21260 19 25 
21264 20 25 
21268 21 25 
21272 22 25 
21276 23 25 
21376 16 24 
21380 17 24 
21384 18 24 
21388 19 24 
21392 20 24 
21396 21 24 
21400 22 24 
21404 23 24 
21504 16 23 
21508 17 23 
21512 18 23 
21516 19 23 
21520 20 23 
21524 21 23 
21528 22 23 
21532 23 23 
21632 16 22 
21636 17 22 
21640 18 22 
21644 19 22 
21648 20 22 
21652 21 22 
21656 22 22 
21660 23 22 
21760 16 21 
21764 17 21 
21768 18 21 
21772 19 21 
21776 20 21 
21780 21 21 
21784 22 21 
21788 23 21 
21888 16 20 
21892 17 20 
21896 18 20 
21900 19 20 
21904 20 20 
21908 21 20 
21912 22 20 
21916 23 20 
22016 16 19 
22020 17 19 
22024 18 19 
22028 19 19 
22032 20 19 
22036 21 19 
22040 22 19 
22044 23 19 
22144 16 18 
22148 17 18 
22152 18 18 
22156 19 18 
22160 20 18 
22164 21 18 
22168 22 18 
22172 23 18 
22272 16 17 
22276 17 17 
22280 18 17 
22284 19 17 
22288 20 17 
22292 21 17 
22296 22 17 
22300 23 17 
22400 16 16 
22404 17 16 
22408 18 16 
22412 19 16 
22416 20 16 
22420 21 16 
22424 22 16 
22428 23 16 
22528 24 19 
22532 25 19 
22536 26 19 
22540 27 19 
22544 28 19 
22548 29 19 
22552 30 19 
22556 31 19 
22656 24 18 
22660 25 18 
22664 26 18 
22668 27 18 
22672 28 18 
22676 29 18 
22680 30 18 
22684 31 18 
22784 24 17 
22788 25 17 
22792 26 17 
22796 27 17 
22800 28 17 
22804 29 17 
22808 30 17 
22812 31 17 
22912 24 16 
22916 25 16 
22920 26 16 
22924 27 16 
22928 28 16 
22932 29 16 
22936 30 16 
22940 31 16 
23040 24 23 
23044 25 23 
23048 26 23 
23052 27 23 
23056 28 23 
23060 29 23 
23064 30 23 
23068 31 23 
23168 24 22 
23172 25 22 
23176 26 22 
23180 27 22 
23184 28 22 
23188 29 22 
23192 30 22 
23196 31 22 
23296 24 21 
23300 25 21 
23304 26 21 
23308 27 21 
23312 28 21 
23316 29 21 
23320 30 21 
23324 31 21 
23424 24 20 
23428 25 20 
23432 26 20 
23436 27 20 
23440 28 20 
23444 29 20 
23448 30 20 
23452 31 20 
23552 24 27 
23556 25 27 
23560 26 27 
23564 27 27 
23568 28 27 
23572 29 27 
23576 30 27 
23580 31 27 
23680 24 26 
23684 25 26 
23688 26 26 
23692 27 26 
23696 28 26 
23700 29 26 
23704 30 26 
23708 31 26 
23808 24 25 
23812 25 25 
23816 26 25 
23820 27 25 
23824 28 25 
23828 29 25 
23832 30 25 
23836 31 25 
23936 24 24 
23940 25 24 
23944 26 24 
23948 27 24 
23952 28 24 
23956 29 24 
23960 30 24 
23964 31 24 
24064 24 31 
24068 25 31 
24072 26 31 
24076 27 31 
24080 28 31 
24084 29 31 
24088 30 31 
24092 31 31 
24192 24 30 
24196 25 30 
24200 26 30 
24204 27 30 
24208 28 30 
24212 29 30 
24216 30 30 
24220 31 30 
24320 24 29 
24324 25 29 
24328 26 29 
24332 27 29 
24336 28 29 
24340 29 29 
24344 30 29 
24348 31 29 
24448 24 28 
24452 25 28 
24456 26 28 
24460 27 28 
24464 28 28 
24468 29 28 
24472 30 28 
24476 31 28 
