0 0
1 8
2 16
3 24
4 256
5 264
6 272
7 280
8 512
9 520
10 528
11 536
12 768
13 776
14 784
15 792
16 1024
17 1032
18 1040
19 1048
20 1280
21 1288
22 1296
23 1304
24 1536
25 1544
26 1552
27 1560
28 1792
29 1800
30 1808
31 1816
32 2048
33 2056
34 2064
35 2072
36 2304
37 2312
38 2320
39 2328
40 2560
41 2568
42 2576
43 2584
44 2816
45 2824
46 2832
47 2840
48 3072
49 3080
50 3088
51 3096
52 3328
53 3336
54 3344
55 3352
56 3584
57 3592
58 3600
59 3608
60 3840
61 3848
62 3856
63 3864
64 4096
65 4104
66 4112
67 4120
68 4352
69 4360
70 4368
71 4376
72 4608
73 4616
74 4624
75 4632
76 4864
77 4872
78 4880
79 4888
80 5120
81 5128
82 5136
83 5144
84 5376
85 5384
86 5392
87 5400
88 5632
89 5640
90 5648
91 5656
92 5888
93 5896
94 5904
95 5912
96 6144
97 6152
98 6160
99 6168
100 6400
101 6408
102 6416
103 6424
104 6656
105 6664
106 6672
107 6680
108 6912
109 6920
110 6928
111 6936
112 7168
113 7176
114 7184
115 7192
116 7424
117 7432
118 7440
119 7448
120 7680
121 7688
122 7696
123 7704
124 7936
125 7944
126 7952
127 7960
128 8192
129 8200
130 8208
131 8216
132 8448
133 8456
134 8464
135 8472
136 8704
137 8712
138 8720
139 8728
140 8960
141 8968
142 8976
143 8984
144 9216
145 9224
146 9232
147 9240
148 9472
149 9480
150 9488
151 9496
152 9728
153 9736
154 9744
155 9752
156 9984
157 9992
158 10000
159 10008
160 10240
161 10248
162 10256
163 10264
164 10496
165 10504
166 10512
167 10520
168 10752
169 10760
170 10768
171 10776
172 11008
173 11016
174 11024
175 11032
176 11264
177 11272
178 11280
179 11288
180 11520
181 11528
182 11536
183 11544
184 11776
185 11784
186 11792
187 11800
188 12032
189 12040
190 12048
191 12056
192 12288
193 12296
194 12304
195 12312
196 12544
197 12552
198 12560
199 12568
200 12800
201 12808
202 12816
203 12824
204 13056
205 13064
206 13072
207 13080
208 13312
209 13320
210 13328
211 13336
212 13568
213 13576
214 13584
215 13592
216 13824
217 13832
218 13840
219 13848
220 14080
221 14088
222 14096
223 14104
224 14336
225 14344
226 14352
227 14360
228 14592
229 14600
230 14608
231 14616
232 14848
233 14856
234 14864
235 14872
236 15104
237 15112
238 15120
239 15128
240 15360
241 15368
242 15376
243 15384
244 15616
245 15624
246 15632
247 15640
248 15872
249 15880
250 15888
251 15896
252 16128
253 16136
254 16144
255 16152
256 16384
257 16392
258 16400
259 16408
260 16640
261 16648
262 16656
263 16664
264 16896
265 16904
266 16912
267 16920
268 17152
269 17160
270 17168
271 17176
272 17408
273 17416
274 17424
275 17432
276 17664
277 17672
278 17680
279 17688
280 17920
281 17928
282 17936
283 17944
284 18176
285 18184
286 18192
287 18200
288 18432
289 18440
290 18448
291 18456
292 18688
293 18696
294 18704
295 18712
296 18944
297 18952
298 18960
299 18968
300 19200
301 19208
302 19216
303 19224
304 19456
305 19464
306 19472
307 19480
308 19712
309 19720
310 19728
311 19736
312 19968
313 19976
314 19984
315 19992
316 20224
317 20232
318 20240
319 20248
320 20480
321 20488
322 20496
323 20504
324 20736
325 20744
326 20752
327 20760
328 20992
329 21000
330 21008
331 21016
332 21248
333 21256
334 21264
335 21272
336 21504
337 21512
338 21520
339 21528
340 21760
341 21768
342 21776
343 21784
344 22016
345 22024
346 22032
347 22040
348 22272
349 22280
350 22288
351 22296
352 22528
353 22536
354 22544
355 22552
356 22784
357 22792
358 22800
359 22808
360 23040
361 23048
362 23056
363 23064
364 23296
365 23304
366 23312
367 23320
368 23552
369 23560
370 23568
371 23576
372 23808
373 23816
374 23824
375 23832
376 24064
377 24072
378 24080
379 24088
380 24320
381 24328
382 24336
383 24344
