0
8
16
24
256
264
272
280
512
520
528
536
768
776
784
792
1024
1032
1040
1048
1280
1288
1296
1304
1536
1544
1552
1560
1792
1800
1808
1816
2048
2056
2064
2072
2304
2312
2320
2328
2560
2568
2576
2584
2816
2824
2832
2840
3072
3080
3088
3096
3328
3336
3344
3352
3584
3592
3600
3608
3840
3848
3856
3864
4096
4104
4112
4120
4352
4360
4368
4376
4608
4616
4624
4632
4864
4872
4880
4888
5120
5128
5136
5144
5376
5384
5392
5400
5632
5640
5648
5656
5888
5896
5904
5912
6144
6152
6160
6168
6400
6408
6416
6424
6656
6664
6672
6680
6912
6920
6928
6936
7168
7176
7184
7192
7424
7432
7440
7448
7680
7688
7696
7704
7936
7944
7952
7960
8192
8200
8208
8216
8448
8456
8464
8472
8704
8712
8720
8728
8960
8968
8976
8984
9216
9224
9232
9240
9472
9480
9488
9496
9728
9736
9744
9752
9984
9992
10000
10008
10240
10248
10256
10264
10496
10504
10512
10520
10752
10760
10768
10776
11008
11016
11024
11032
11264
11272
11280
11288
11520
11528
11536
11544
11776
11784
11792
11800
12032
12040
12048
12056
12288
12296
12304
12312
12544
12552
12560
12568
12800
12808
12816
12824
13056
13064
13072
13080
13312
13320
13328
13336
13568
13576
13584
13592
13824
13832
13840
13848
14080
14088
14096
14104
14336
14344
14352
14360
14592
14600
14608
14616
14848
14856
14864
14872
15104
15112
15120
15128
15360
15368
15376
15384
15616
15624
15632
15640
15872
15880
15888
15896
16128
16136
16144
16152
16384
16392
16400
16408
16640
16648
16656
16664
16896
16904
16912
16920
17152
17160
17168
17176
17408
17416
17424
17432
17664
17672
17680
17688
17920
17928
17936
17944
18176
18184
18192
18200
18432
18440
18448
18456
18688
18696
18704
18712
18944
18952
18960
18968
19200
19208
19216
19224
19456
19464
19472
19480
19712
19720
19728
19736
19968
19976
19984
19992
20224
20232
20240
20248
20480
20488
20496
20504
20736
20744
20752
20760
20992
21000
21008
21016
21248
21256
21264
21272
21504
21512
21520
21528
21760
21768
21776
21784
22016
22024
22032
22040
22272
22280
22288
22296
22528
22536
22544
22552
22784
22792
22800
22808
23040
23048
23056
23064
23296
23304
23312
23320
23552
23560
23568
23576
23808
23816
23824
23832
24064
24072
24080
24088
24320
24328
24336
24344
